   0.00000
   0.01193
   0.02263
   0.03115
   0.03794
   0.04304
   0.04638
   0.04805
   0.04823
   0.04712
   0.04493
   0.04191
   0.03835
   0.03452
   0.03072
   0.02722
   0.02427
   0.02209
   0.02087
   0.02073
   0.02178
   0.02405
   0.02753
   0.03218
   0.03791
   0.04461
   0.05213
   0.06032
   0.06901
   0.07805
   0.08728
   0.09657
   0.10580
   0.11488
   0.12372
   0.13228
   0.14054
   0.14849
   0.15616
   0.16358
   0.17080
   0.17787
   0.18488
   0.19188
   0.19895
   0.20615
   0.21356
   0.22124
   0.22922
   0.23756
   0.24629
   0.25542
   0.26498
   0.27497
   0.28539
   0.29622
   0.30745
   0.31906
   0.33102
   0.34331
   0.35589
   0.36875
   0.38184
   0.39514
   0.40864
   0.42229
   0.43609
   0.45003
   0.46408
   0.47824
   0.49250
   0.50687
   0.52134
   0.53593
   0.55063
   0.56545
   0.58041
   0.59552
   0.61079
   0.62622
   0.64184
   0.65765
   0.67367
   0.68989
   0.70633
   0.72300
   0.73989
   0.75701
   0.77436
   0.79193
   0.80972
   0.82772
   0.84594
   0.86435
   0.88295
   0.90175
   0.92072
   0.93987
   0.95920
   0.97873
   0.99847
