  15.00000
  58.94195
 102.80100
 146.49571
 189.94756
 233.08229
 275.83127
 318.13264
 359.93240
 401.18535
 441.85581
 481.91819
 521.35738
 560.16886
 598.35870
 635.94324
 672.94864
 709.41017
 745.37138
 780.88300
 816.00182
 850.78928
 885.31015
 919.63098
 953.81867
 987.93889
1022.05469
1056.22513
1090.50394
1124.93847
1159.56873
1194.42658
1229.53526
1264.90900
1300.55300
1336.46357
1372.62850
1409.02770
1445.63399
1482.41413
1519.32996
1556.33969
1593.39924
1630.46368
1667.48866
1704.43177
1741.25387
1777.92034
1814.40209
1850.67649
1886.72807
