   0.00000
   0.00364
   0.00801
   0.01353
   0.01999
   0.02739
   0.03577
   0.04508
   0.05527
   0.06624
   0.07790
   0.09016
   0.10288
   0.11594
   0.12921
   0.14257
   0.15589
   0.16906
   0.18199
   0.19459
   0.20681
   0.21860
   0.22994
   0.24082
   0.25127
   0.26130
   0.27096
   0.28029
   0.28936
   0.29822
   0.30693
   0.31555
   0.32413
   0.33273
   0.34139
   0.35013
   0.35900
   0.36801
   0.37717
   0.38649
   0.39597
   0.40560
   0.41537
   0.42528
   0.43530
   0.44543
   0.45564
   0.46591
   0.47623
   0.48660
   0.49698
   0.50737
   0.51777
   0.52816
   0.53854
   0.54890
   0.55925
   0.56958
   0.57990
   0.59021
   0.60050
   0.61079
   0.62107
   0.63134
   0.64162
   0.65188
   0.66215
   0.67241
   0.68265
   0.69288
   0.70308
   0.71326
   0.72339
   0.73346
   0.74348
   0.75343
   0.76329
   0.77307
   0.78275
   0.79232
   0.80180
   0.81118
   0.82045
   0.82965
   0.83876
   0.84783
   0.85686
   0.86589
   0.87496
   0.88410
   0.89337
   0.90282
   0.91253
   0.92257
   0.93303
   0.94403
   0.95569
   0.96818
   0.98161
   0.99643
   1.01257
