3.079851411285558243e+02
3.079776509100536828e+02
3.079684976810576131e+02
3.079590300207082123e+02
3.079500375939277887e+02
3.079419151522245102e+02
3.079349214986891070e+02
3.079286182918466466e+02
3.079228597069244984e+02
3.079177102105578570e+02
3.079131651409046526e+02
3.079089839003894440e+02
3.079053364883192216e+02
3.079021889718300713e+02
3.078994549146961504e+02
3.078972325416843319e+02
3.078951226312880181e+02
3.078933084766275670e+02
3.078914370044304292e+02
3.078893816919165261e+02
3.078869584946758096e+02
3.078833978808037273e+02
3.078776328829995919e+02
3.078681852856411751e+02
3.078536163750192713e+02
3.078309704179889650e+02
3.077971125742467393e+02
3.077469550833033054e+02
3.076748230343474688e+02
3.075726217398869267e+02
3.074310615704801535e+02
3.072378013550683136e+02
3.069781946713151797e+02
3.066261208866107495e+02
3.061354549623948174e+02
3.055051219645002334e+02
3.047051425357286121e+02
3.037017372244604303e+02
3.024577729497182759e+02
3.008508216279444127e+02
2.988517946943318861e+02
2.964528228909597942e+02
2.935223889417486589e+02
2.899106591351793440e+02
2.857095318016095575e+02
2.805726863441839782e+02
2.746280097020645030e+02
2.676353430365689405e+02
2.595815284272213717e+02
2.503759061128010899e+02
2.399764431633846868e+02
2.284100553436088319e+02
2.157017897655436798e+02
2.020243739416085020e+02
1.874516689381907781e+02
1.724383356687424396e+02
1.568867706028313478e+02
1.416985111171256619e+02
1.264149725333533496e+02
1.119654185118340308e+02
9.855583800038128572e+01
8.585204191105867721e+01
7.449830925996798214e+01
6.449102117551052515e+01
5.578727938814448351e+01
4.814292603318295960e+01
4.168208219720173702e+01
3.629516444088390870e+01
3.185192892932328590e+01
2.822473632402607890e+01
2.529296015212020521e+01
2.294586295487570737e+01
2.108426626607818122e+01
1.962110750536843540e+01
1.848135875602179112e+01
1.760135421742634065e+01
1.692785757362651111e+01
1.641691705648787547e+01
1.603270038144280463e+01
1.574632325007633149e+01
1.553476479769360274e+01
1.537987529434745149e+01
1.526749814232757174e+01
1.518670646903119881e+01
1.512915511501572219e+01
1.508853782225234319e+01
1.506013860946517369e+01
1.504046832310553761e+01
1.502697245847619811e+01
1.501780069851981558e+01
1.501162699961250802e+01
1.500751113719491592e+01
1.500479357260966218e+01
1.500301658709823016e+01
1.500186590562889499e+01
1.500112804854466297e+01
1.500065955274222240e+01
1.500036502984070985e+01
1.500018173148701450e+01
1.500006882036876377e+01
1.500000000000000000e+01
