 519.04769
 518.76283
 518.55073
 518.43566
 518.44196
 518.58310
 518.85323
 519.23048
 519.68847
 520.20287
 520.75416
 521.32720
 521.91025
 522.49514
 523.07550
 523.64692
 524.20707
 524.75371
 525.28686
 525.80639
 526.31306
 526.80795
 527.29345
 527.77188
 528.24500
 528.71543
 529.18603
 529.65939
 530.13700
 530.62119
 531.11200
 531.60923
 532.11089
 532.61309
 533.10811
 533.58677
 534.03717
 534.43260
 534.75986
 534.97800
 535.06228
 534.94063
 534.57951
 533.90692
 532.78436
 531.12563
 528.77987
 525.55391
 521.20369
 515.42461
 507.84677
 498.03966
 485.53112
 469.85342
 450.61842
 427.61821
 400.93594
 370.77087
 337.46810
 302.62829
 267.69747
 232.46645
 199.66284
 168.89688
 141.88269
 117.69164
  97.23948
  80.24117
  66.14594
  54.63057
  45.46066
  38.22935
  32.57875
  28.20192
  24.84011
  22.27909
  20.34378
  18.89299
  17.81409
  17.01820
  16.43584
  16.01323
  15.70911
  15.49210
  15.33860
  15.23095
  15.15614
  15.10460
  15.06943
  15.04564
  15.02970
  15.01912
  15.01216
  15.00763
  15.00470
  15.00284
  15.00165
  15.00091
  15.00045
  15.00017
  15.00000
