1.500000000000000000e+01
4.286959376750472472e+01
7.052678444518754475e+01
9.799464362630152436e+01
1.252898208973961687e+02
1.524237849598057721e+02
1.794038542212737184e+02
2.062340485884687382e+02
2.329157945178179148e+02
2.594485092005394336e+02
2.858300848931432938e+02
3.120572905737573706e+02
3.381261049751270207e+02
3.640319924919485288e+02
3.897701313767664715e+02
4.153356019415124365e+02
4.407235411011642441e+02
4.659292684742472375e+02
4.909483883444110006e+02
5.157768710490365720e+02
5.404111167627039549e+02
5.648480041591117242e+02
5.890849260431569974e+02
6.131198137277134492e+02
6.369511516727325215e+02
6.605779836958495252e+02
6.839999118940245353e+02
7.072170892770546970e+02
7.302302069996646878e+02
7.530404769841147754e+02
7.756496106457398128e+02
7.980597943661225599e+02
8.202736623001176213e+02
8.422942670514842121e+02
8.641250487058808858e+02
8.857698026680639032e+02
9.072326467114130537e+02
9.285179876116064861e+02
9.496304877018669686e+02
9.705750316543682175e+02
9.913566937608313765e+02
1.011980705954966197e+03
1.032452426790113577e+03
1.052777311557233816e+03
1.072960883701283137e+03
1.093008707668062470e+03
1.112926363288903985e+03
1.132719421787123792e+03
1.152393423468116907e+03
1.171953857134329155e+03
1.191406141247224696e+03
1.210755606840757082e+03
1.230007482174827601e+03
1.249166879102771873e+03
1.268238781114044059e+03
1.287228033001989616e+03
1.306139332096823409e+03
1.324977220995686366e+03
1.343746081714829870e+03
1.362450131183526082e+03
1.381093417995168693e+03
1.399679820328081178e+03
1.418213044946768377e+03
1.436696627193547556e+03
1.455133931880690852e+03
1.473528154994191937e+03
1.491882326122037739e+03
1.510199311522246717e+03
1.528481817748884851e+03
1.546732395757689346e+03
1.564953445416696013e+03
1.583147220351349461e+03
1.601315833057871941e+03
1.619461260223073396e+03
1.637585348193313393e+03
1.655689818539820862e+03
1.673776273672053776e+03
1.691846202455180219e+03
1.709900985792011170e+03
1.727941902133867870e+03
1.745970132888883654e+03
1.763986767700141172e+03
1.781992809569896508e+03
1.799989179809903817e+03
1.817976722801532105e+03
1.835956210552732728e+03
1.853928347041695361e+03
1.871893772338618419e+03
1.889853066496628344e+03
1.907806753198992283e+03
1.925755303140007982e+03
1.943699137097695257e+03
1.961638628627828894e+03
1.979574106289903739e+03
1.997505855368885932e+03
2.015434119269651092e+03
2.033359101052189089e+03
2.051280965375777669e+03
2.069199840478291662e+03
2.087115826266580825e+03
2.105028973918365409e+03
