   0.00000
   0.00960
   0.01928
   0.02910
   0.03903
   0.04908
   0.05917
   0.06933
   0.07957
   0.08978
   0.10001
   0.11023
   0.12037
   0.13049
   0.14053
   0.15053
   0.16048
   0.17036
   0.18022
   0.19007
   0.19994
   0.20980
   0.21969
   0.22964
   0.23962
   0.24966
   0.25972
   0.26979
   0.27992
   0.29004
   0.30012
   0.31022
   0.32027
   0.33027
   0.34027
   0.35022
   0.36016
   0.37007
   0.37998
   0.38991
   0.39984
   0.40980
   0.41977
   0.42982
   0.43982
   0.44986
   0.45995
   0.47003
   0.48004
   0.49010
   0.50017
   0.51014
   0.52014
   0.53012
   0.54008
   0.55002
   0.55998
   0.56997
   0.57994
   0.58990
   0.59988
   0.60995
   0.61999
   0.62994
   0.63999
   0.65007
   0.66005
   0.67003
   0.68006
   0.69006
   0.69999
   0.70996
   0.72002
   0.72996
   0.73989
   0.74994
   0.76000
   0.77001
   0.77997
   0.79003
   0.80013
   0.81012
   0.82007
   0.83008
   0.84008
   0.85000
   0.85993
   0.86993
   0.87982
   0.88975
   0.89983
   0.90990
   0.91993
   0.93000
   0.94012
   0.95033
   0.96048
   0.97043
   0.98017
   0.98980
   0.99952
