   0.00000
   0.00371
   0.00817
   0.01382
   0.02043
   0.02801
   0.03658
   0.04609
   0.05648
   0.06765
   0.07950
   0.09191
   0.10477
   0.11793
   0.13125
   0.14462
   0.15789
   0.17097
   0.18375
   0.19616
   0.20814
   0.21966
   0.23070
   0.24126
   0.25137
   0.26107
   0.27041
   0.27945
   0.28825
   0.29689
   0.30541
   0.31390
   0.32241
   0.33099
   0.33968
   0.34851
   0.35750
   0.36668
   0.37604
   0.38559
   0.39531
   0.40520
   0.41523
   0.42539
   0.43564
   0.44597
   0.45636
   0.46677
   0.47720
   0.48763
   0.49804
   0.50841
   0.51875
   0.52905
   0.53931
   0.54952
   0.55970
   0.56985
   0.57997
   0.59008
   0.60019
   0.61030
   0.62042
   0.63057
   0.64074
   0.65095
   0.66118
   0.67145
   0.68175
   0.69206
   0.70239
   0.71271
   0.72302
   0.73330
   0.74354
   0.75370
   0.76378
   0.77377
   0.78363
   0.79337
   0.80297
   0.81242
   0.82173
   0.83090
   0.83993
   0.84886
   0.85771
   0.86650
   0.87529
   0.88412
   0.89305
   0.90218
   0.91158
   0.92135
   0.93163
   0.94256
   0.95433
   0.96714
   0.98115
   0.99700
   1.01452
