   0.00000
   0.00484
   0.00895
   0.01217
   0.01445
   0.01599
   0.01690
   0.01720
   0.01700
   0.01654
   0.01598
   0.01547
   0.01517
   0.01528
   0.01590
   0.01716
   0.01913
   0.02185
   0.02532
   0.02950
   0.03432
   0.03970
   0.04551
   0.05164
   0.05796
   0.06434
   0.07071
   0.07696
   0.08306
   0.08897
   0.09471
   0.10030
   0.10581
   0.11130
   0.11686
   0.12257
   0.12854
   0.13482
   0.14150
   0.14863
   0.15622
   0.16429
   0.17284
   0.18182
   0.19120
   0.20093
   0.21094
   0.22116
   0.23153
   0.24200
   0.25251
   0.26304
   0.27356
   0.28406
   0.29455
   0.30506
   0.31561
   0.32624
   0.33700
   0.34795
   0.35913
   0.37060
   0.38239
   0.39453
   0.40705
   0.41996
   0.43325
   0.44691
   0.46091
   0.47523
   0.48981
   0.50461
   0.51957
   0.53465
   0.54981
   0.56501
   0.58022
   0.59542
   0.61063
   0.62584
   0.64110
   0.65645
   0.67194
   0.68764
   0.70361
   0.71995
   0.73670
   0.75394
   0.77169
   0.78999
   0.80889
   0.82818
   0.84783
   0.86800
   0.88815
   0.90771
   0.92707
   0.94614
   0.96297
   0.97662
   0.99103
