   0.00000
  20.54753
  41.10823
  61.67906
  82.25661
 102.83736
 123.41768
 143.99438
 164.56322
 185.12148
 205.66551
 226.19586
 246.70100
 267.18330
 287.63839
 308.06041
 328.45045
 348.80258
 369.11432
 389.38530
 409.60657
 429.77737
 449.90259
 469.96958
 489.98013
 509.92984
 529.82144
 549.64347
 569.40404
 589.08975
 608.71791
 628.26983
 647.74991
 667.15736
 686.48214
 705.73850
 724.91996
 744.01344
 763.03834
 781.97365
 800.83356
 819.61556
 838.31890
 856.94115
 875.48680
 893.95344
 912.34859
 930.66164
 948.89921
 967.06015
 985.15080
1003.16732
1021.11757
1039.01121
1056.82225
1074.57331
1092.26364
1109.88726
1127.46487
1144.98842
1162.44875
1179.86569
1197.23906
1214.57130
1231.87242
1249.10427
1266.31951
1283.49245
1300.66220
1317.78740
1334.90073
1352.00800
1369.07016
1386.13649
1403.17916
1420.22869
1437.28600
1454.34156
1471.40686
1488.48758
1505.56392
1522.66617
1539.77210
1556.91882
1574.08929
1591.26756
1608.48578
1625.72720
1643.02374
1660.33070
1677.69462
1695.09931
1712.55452
1730.04561
1747.58779
1765.17973
1782.82693
1800.52595
1818.26844
1836.08060
1853.93013
