0.000000000000000000e+00 3.607316937759815715e-03 7.189866604216028391e-03 1.074874240269879482e-02 1.428505264693565209e-02 1.779994942987159559e-02 2.129460273021282352e-02 2.477021624191545757e-02 2.822803917362783077e-02 3.166930056544008804e-02 3.509529591923153669e-02 3.850735520334234996e-02 4.190678264562471694e-02 4.529497980193687712e-02 4.867329593468051191e-02 5.204316725346504191e-02 5.540602156761308128e-02 5.876330152986601607e-02 6.211648651054085812e-02 6.546705894552322380e-02 6.881653012456707963e-02
0.000000000000000000e+00 2.336201219778468851e-03 4.601989189043709412e-03 6.802157240778426359e-03 8.941844716372396307e-03 1.102658682370706404e-02 1.306229734072094847e-02 1.505523107671281023e-02 1.701206230185277682e-02 1.893975615249077205e-02 2.084565185522191388e-02 2.273738493422773274e-02 2.462280966631498133e-02 2.651008081168118244e-02 2.840745486059772021e-02 3.032337273440965930e-02 3.226631745836584103e-02 3.424473523359794491e-02 3.626709282657681471e-02 3.837858933822953234e-02 4.055186757972732009e-02
0.000000000000000000e+00 1.611647875786063151e-03 3.131037421719883983e-03 4.575948496402238580e-03 5.966289912162106752e-03 7.324016203415198781e-03 8.672722239041891212e-03 1.003720252196726309e-02 1.144276662627879276e-02 1.291447972523497058e-02 1.447651202020269062e-02 1.615146315493998230e-02 1.795973581367235269e-02 1.991936135071665365e-02 2.204577666271225964e-02 2.440121189592234577e-02 2.681893662888942473e-02 2.938160128604138874e-02 3.256762878844020326e-02 3.627874412690803435e-02 3.997433094646754559e-02
0.000000000000000000e+00 1.153371292984122463e-03 2.249086377179817728e-03 3.337323882646829002e-03 4.470730949301109959e-03 5.700644792930834211e-03 7.073215438827164595e-03 8.627168205379539059e-03 1.039279811771190616e-02 1.239288652473629834e-02 1.464380035526768528e-02 1.715696967890736890e-02 1.989936884188665128e-02 2.283917978293604004e-02 2.666146052526023602e-02 3.127334841784635416e-02 3.651263551663164186e-02 4.125634087205269640e-02 4.541208108894206202e-02 5.030118874501693371e-02 5.562236752930331540e-02
0.000000000000000000e+00 9.272442126016488791e-04 1.895594532259100955e-03 2.991051534270814001e-03 4.283740531854079298e-03 5.824179605162213384e-03 7.645763288307700495e-03 9.769579765423787310e-03 1.220862995879289613e-02 1.497099198712779737e-02 1.800416538900027202e-02 2.139591949682830008e-02 2.579422821369822816e-02 3.117868578707491331e-02 3.728616403112067212e-02 4.251970115357808083e-02 4.743567725928056478e-02 5.299350900926906582e-02 5.892941407873338727e-02 6.492386662185284374e-02 7.093511370719045306e-02
0.000000000000000000e+00 8.852536787915358000e-04 1.934878244692358074e-03 3.239157379068583701e-03 4.853796523165310184e-03 6.810202854641873339e-03 9.125593404604637540e-03 1.180922114414503440e-02 1.486634802709864596e-02 1.825678964924043121e-02 2.233749324551988907e-02 2.761721025942133825e-02 3.374958927816929660e-02 4.021269109405331554e-02 4.528265514256023944e-02 5.103702389859320065e-02 5.718333694624318925e-02 6.315682013402318384e-02 6.957679619895994205e-02 7.622759169165510551e-02 8.428264219890255204e-02
0.000000000000000000e+00 9.389627170104507953e-04 2.151639000704586892e-03 3.714102164386277102e-03 5.664338486140810432e-03 8.020270654859110865e-03 1.078983328049944700e-02 1.397631690924631444e-02 1.760196701415314355e-02 2.215847618967242347e-02 2.769708465933936464e-02 3.412093191084799443e-02 4.035964977425638561e-02 4.598772356571078496e-02 5.208791698121006952e-02 5.809014320395835401e-02 6.463964700853547241e-02 7.130967380890892993e-02 7.980380332240374908e-02 8.891914466902034464e-02 9.812927676289180667e-02
0.000000000000000000e+00 1.030670662365832562e-03 2.427432920794780902e-03 4.249489929514742477e-03 6.520789436292526338e-03 9.249290114897928267e-03 1.243611393459308732e-02 1.612572326070462608e-02 2.096110518875209106e-02 2.641364982082128332e-02 3.279666280658258271e-02 3.921735288564050237e-02 4.502548681088967136e-02 5.104874117746802803e-02 5.740287839427323652e-02 6.410163179196691485e-02 7.214939648399686101e-02 8.134912499779795025e-02 9.089152824497050143e-02 1.004349819975395020e-01 1.106527481266154356e-01
0.000000000000000000e+00 1.135401521796428189e-03 2.717971273198289961e-03 4.791038059801987214e-03 7.366158802521593704e-03 1.044253110411819119e-02 1.400459739057204576e-02 1.872679829452804368e-02 2.411384976545441483e-02 3.030077716703818980e-02 3.701525482787286492e-02 4.285470458271314897e-02 4.882841350705392075e-02 5.528499516281261406e-02 6.260149736626192951e-02 7.129641825527936738e-02 8.090216577926465091e-02 9.051256878032659658e-02 1.003971453745890335e-01 1.109244917255209628e-01 1.211891529001931644e-01
0.000000000000000000e+00 1.243075891659696118e-03 3.007542757649443819e-03 5.321117740478992567e-03 8.183643549933226555e-03 1.158515075643180847e-02 1.581188949573927513e-02 2.128200006129727859e-02 2.710748030600324335e-02 3.395221412104483527e-02 3.982377821046016730e-02 4.574909990878364002e-02 5.225982818197882213e-02 5.999336676728200118e-02 6.894108272705222473e-02 7.874036151040321452e-02 8.816657099038587020e-02 9.800511588493322768e-02 1.087141371981922844e-01 1.189350979653828744e-01 1.303849400291628435e-01
0.000000000000000000e+00 1.349736418987878715e-03 3.290474725905081967e-03 5.834419775145116907e-03 8.968911811898485492e-03 1.268864952200064733e-02 1.779273526626954163e-02 2.352178884283348190e-02 2.982700194944211056e-02 3.621688310508511949e-02 4.207792232361245305e-02 4.852924865787381498e-02 5.635990271405543622e-02 6.538348398505473835e-02 7.514985750171046530e-02 8.417639573765002547e-02 9.390595878232728400e-02 1.049849960985690667e-01 1.155464840090019291e-01 1.274995216712475066e-01 1.395540871170692920e-01
0.000000000000000000e+00 1.453836414968340306e-03 3.565206989925137539e-03 6.329850075984378224e-03 9.721941515203405548e-03 1.396503198230839883e-02 1.987930641194831510e-02 2.557048313037669010e-02 3.228442547214876307e-02 3.803475203360400653e-02 4.426386776514664584e-02 5.191273282951511941e-02 6.093880975139695511e-02 7.042043633897432375e-02 7.914985854473262361e-02 8.889186338243626473e-02 1.000950491508456192e-01 1.109130217958090164e-01 1.231146274100829163e-01 1.352713143856051070e-01 1.481341114895566025e-01
0.000000000000000000e+00 1.554942550583765341e-03 3.831450926156092923e-03 6.807679298376148949e-03 1.044322368614930725e-02 1.541344001320413791e-02 2.127407446697946250e-02 2.741191694318625971e-02 3.377538350171559872e-02 3.968747319432901904e-02 4.682282644062378540e-02 5.552357574673019019e-02 6.488573652206375275e-02 7.357214904443686032e-02 8.309398927093464282e-02 9.438477107755029183e-02 1.052405588417417576e-01 1.172617965306930465e-01 1.292853749986850598e-01 1.422684923020607339e-01 1.559344084083663096e-01
0.000000000000000000e+00 1.653005528143732666e-03 4.089385757336159131e-03 7.268341478848380430e-03 1.117207688034937280e-02 1.676522655995766123e-02 2.272582849374411504e-02 2.922125662814729213e-02 3.496994524394549109e-02 4.146428047832715486e-02 4.975697342549449675e-02 5.898788711110659194e-02 6.756665185233712290e-02 7.667201617032162742e-02 8.785723399182034099e-02 9.846952682987610006e-02 1.103125365089784871e-01 1.224070285105766098e-01 1.354434414716124413e-01 1.494149393710053897e-01 1.644670391976618962e-01
0.000000000000000000e+00 1.748100645202870992e-03 4.339326063865147666e-03 7.712252655651547981e-03 1.203687626724733901e-02 1.800265543753467798e-02 2.393971009910847783e-02 3.031444936743263666e-02 3.618870194083605163e-02 4.366645780883816191e-02 5.256153277024393222e-02 6.114532781816046231e-02 6.987057338012098162e-02 8.042479035856651970e-02 9.119127617204908498e-02 1.026892801356216745e-01 1.147673237204150376e-01 1.277420030606838119e-01 1.419148033025595945e-01 1.569034990407071062e-01 1.733717533033270475e-01
0.000000000000000000e+00 1.840376242209941461e-03 4.581389718560690931e-03 8.139174060266655270e-03 1.299348850881714215e-02 1.918655865234961122e-02 2.508069391187142325e-02 3.112891533993540280e-02 3.752632624144089379e-02 4.594054663138873174e-02 5.476855181906409298e-02 6.313097570981351936e-02 7.264850700032896014e-02 8.352252162806041158e-02 9.456344786880070685e-02 1.066678108831241450e-01 1.192814394258333993e-01 1.334713365588374723e-01 1.482759489699317090e-01 1.644088002288163208e-01 1.800589796323336100e-01
0.000000000000000000e+00 1.929955115834442857e-03 4.815817423385861974e-03 8.549213383417105308e-03 1.391691865414997238e-02 1.995186512984620589e-02 2.621497331702908953e-02 3.195500459452548653e-02 3.922017419428987239e-02 4.775021046149668935e-02 5.616665024912951415e-02 6.483971461655156643e-02 7.548680038444509355e-02 8.623263529042121678e-02 9.795529023698279492e-02 1.102005251335723274e-01 1.242730522389590697e-01 1.387842170444101020e-01 1.545704268646508617e-01 1.703031571132354871e-01 1.868798725023147478e-01
0.000000000000000000e+00 2.016972582157325507e-03 5.042468876576924365e-03 8.948198257487511437e-03 1.474521297744829131e-02 2.071875234482652844e-02 2.687519478028471340e-02 3.282507856934353124e-02 4.089686803935953241e-02 4.936108920851399462e-02 5.749148719459871992e-02 6.690384879847834088e-02 7.784161244175916150e-02 8.881211099343269688e-02 1.007950355013656624e-01 1.143345309611662752e-01 1.288298467512538903e-01 1.438903622861434917e-01 1.595111340196808947e-01 1.761213816348085048e-01 1.936906791416740103e-01
0.000000000000000000e+00 2.101501415230919070e-03 5.261338193857176791e-03 9.375255533905346023e-03 1.542688130620304202e-02 2.139123731554608970e-02 2.736753573065607223e-02 3.393265167388660741e-02 4.214573240790140535e-02 5.047467228231668906e-02 5.866178776799833849e-02 6.922497397892497795e-02 7.974833941546406735e-02 9.127876226382254654e-02 1.040330406285817216e-01 1.183695703758469164e-01 1.325670913979020149e-01 1.481820794256474838e-01 1.646552315484344775e-01 1.820639985085318879e-01 2.002031424707483576e-01
0.000000000000000000e+00 2.183572854883632144e-03 5.472428564497866521e-03 9.884324233981891042e-03 1.605793791402226889e-02 2.199500394331573710e-02 2.785190499699969485e-02 3.510350683878973171e-02 4.325545725880217823e-02 5.108518079775645204e-02 6.015383085416015768e-02 7.096979204645127715e-02 8.154848543761802904e-02 9.366263890185312635e-02 1.073325113984581886e-01 1.211095215815329446e-01 1.364989059039949937e-01 1.526598423384537828e-01 1.698122362471723990e-01 1.876546167675239574e-01 2.071543614967460423e-01
0.000000000000000000e+00 2.263328960062366193e-03 5.675757358530254988e-03 1.044709047977858581e-02 1.663261184403017415e-02 2.258542540980915461e-02 2.838297960699592490e-02 3.610826154336242017e-02 4.411010171698276361e-02 5.189359038330196294e-02 6.187605625624431616e-02 7.220770510204671533e-02 8.338558216495141340e-02 9.605848104809733279e-02 1.098616124933752547e-01 1.242011149794667035e-01 1.400932624153904127e-01 1.570717243884254821e-01 1.745100497824732533e-01 1.937414371405657421e-01 2.147225022986240794e-01
0.000000000000000000e+00 2.340804100134346276e-03 5.871320923527941806e-03 1.098940424884992280e-02 1.724521682831717251e-02 2.303396718893761450e-02 2.905601023040771738e-02 3.690039265709686017e-02 4.472575778764690396e-02 5.289626547980170318e-02 6.319420343987172672e-02 7.341415942915938131e-02 8.521362989071207261e-02 9.853512387429629038e-02 1.119687000349571665e-01 1.274307206942813797e-01 1.439572531162102986e-01 1.611569005351534689e-01 1.797158601712242620e-01 2.001885652070740373e-01 2.211078591188050946e-01
0.000000000000000000e+00 2.416043159181744705e-03 6.059353388032916524e-03 1.146877417425827030e-02 1.755185998948392834e-02 2.327421436733629126e-02 2.978834824601781298e-02 3.755212161655257369e-02 4.495650149428498388e-02 5.389873506392896252e-02 6.412744618570542787e-02 7.449700320766275419e-02 8.681307340463141620e-02 1.002296308587252577e-01 1.144510051406712053e-01 1.303657025214642884e-01 1.474571301464058515e-01 1.652584410747593158e-01 1.850040351447859166e-01 2.058412400498438599e-01 2.262072022165775853e-01
0.000000000000000000e+00 2.489134213212037920e-03 6.239841768426827688e-03 1.191562135451490131e-02 1.781275708899798457e-02 2.351098938581443545e-02 3.045490077646534691e-02 3.802900761776308036e-02 4.542514876585142941e-02 5.489467869851971660e-02 6.486502998930890329e-02 7.568703418198859112e-02 8.864824570586997410e-02 1.018226351372289729e-01 1.171083022433951765e-01 1.335101559014419959e-01 1.507724157989691616e-01 1.694980183177481059e-01 1.899114243772228316e-01 2.104401565261593832e-01 2.320315337506230757e-01
0.000000000000000000e+00 2.560119332083039476e-03 6.413104530220543019e-03 1.227259733680917397e-02 1.811302660519837834e-02 2.376690558332594447e-02 3.091507468978215920e-02 3.822128090854456928e-02 4.604605841656170262e-02 5.580526345984664072e-02 6.538125682938640548e-02 7.706567484180155969e-02 8.995734000201550951e-02 1.037159176181047110e-01 1.194000312389257856e-01 1.363177326629868846e-01 1.539740190652925389e-01 1.736843334207839595e-01 1.941566826846751193e-01 2.151354936012764563e-01 2.381597921538375906e-01
0.000000000000000000e+00 2.629146037041027537e-03 6.579442440471121832e-03 1.261151141980147543e-02 1.835169339627447035e-02 2.407787140863246536e-02 3.134709756565582511e-02 3.845413277035190230e-02 4.656357120978531217e-02 5.619991543457251992e-02 6.599386600432395611e-02 7.830987767194633187e-02 9.101051172299104430e-02 1.057434748030322696e-01 1.216763005583707535e-01 1.388165847822213916e-01 1.572992777650888685e-01 1.774733022624750689e-01 1.983175788390716399e-01 2.203313430874125622e-01 2.437925633570273698e-01
0.000000000000000000e+00 2.696219395530697737e-03 6.739137286252655339e-03 1.294843521372596520e-02 1.856835637823847293e-02 2.444726054465402171e-02 3.171381603908685065e-02 3.873511610988307485e-02 4.709906583024315446e-02 5.645035003312649791e-02 6.678416679087197105e-02 7.925418508550030605e-02 9.231978275325908312e-02 1.074525504410735743e-01 1.239252552806237029e-01 1.413047582543328073e-01 1.607459569406024524e-01 1.811428608247763195e-01 2.024218339278913981e-01 2.253248446488068379e-01 2.495339557528598873e-01
0.000000000000000000e+00 2.761484962811706911e-03 6.900269662536835831e-03 1.324225924501577431e-02 1.877642868324806008e-02 2.483171773830204071e-02 3.200198747613338529e-02 3.886601865308456083e-02 4.765651586759375030e-02 5.676914366621116370e-02 6.768048170363727412e-02 8.003343124414921683e-02 9.381324652266952169e-02 1.090661985958540775e-01 1.259144487545639512e-01 1.439544587216304017e-01 1.638203323689964297e-01 1.846834352968977355e-01 2.065944470005023348e-01 2.303185221648286762e-01 2.553992970807871243e-01
0.000000000000000000e+00 2.824980374218667711e-03 7.069193080711529131e-03 1.338949202463252976e-02 1.898588540420866402e-02 2.517770932862646929e-02 3.203992631134081753e-02 3.905743068307576671e-02 4.806921287594431713e-02 5.707184938814719583e-02 6.860122416226770159e-02 8.084810531760966423e-02 9.501965439615445153e-02 1.107710538517072268e-01 1.278034231361827866e-01 1.466023879597241897e-01 1.668635196784130914e-01 1.881946263877127823e-01 2.109053506010674373e-01 2.351940762578763056e-01 2.610315977992433423e-01
0.000000000000000000e+00 2.886819973415682798e-03 7.269565689374893509e-03 1.356290272613429153e-02 1.909690512773087531e-02 2.542840437733561235e-02 3.207768597940587052e-02 3.931507834315682570e-02 4.809444917123263663e-02 5.741046800441051978e-02 6.922961513135013345e-02 8.162628860181972423e-02 9.610077241584007168e-02 1.123841017694040961e-01 1.297298424286324192e-01 1.491177685760597948e-01 1.698023827404637753e-01 1.915757351468175551e-01 2.150850743481458605e-01 2.400776231833170182e-01 2.656130982978292532e-01
0.000000000000000000e+00 2.947069913735147519e-03 7.497113211533414610e-03 1.375670478822387660e-02 1.920904157025348988e-02 2.563733728693619665e-02 3.214075313272567874e-02 3.959658321702514555e-02 4.812401760094382058e-02 5.783497040362765851e-02 6.966839131453086975e-02 8.240599910771002901e-02 9.737488828085079373e-02 1.139347065836727596e-01 1.318335697604693657e-01 1.516724330705621349e-01 1.727849595281344963e-01 1.949451254882068052e-01 2.191676417986472558e-01 2.445596841087173401e-01 2.702913795131713925e-01
0.000000000000000000e+00 3.005828555860345051e-03 7.743324001703480453e-03 1.390171318339927797e-02 1.930553669680734608e-02 2.585724877406878411e-02 3.213359046174497219e-02 3.974113193214320883e-02 4.816625424731206528e-02 5.829528369481532662e-02 7.004879925097802496e-02 8.330488803398408693e-02 9.867040668943005688e-02 1.153113156230360231e-01 1.339206652882382331e-01 1.541469141546488730e-01 1.755190453263513750e-01 1.984316447618237611e-01 2.230661355195160123e-01 2.486220681429007207e-01 2.752409316344989754e-01
0.000000000000000000e+00 3.063167927498565250e-03 7.990735796701198615e-03 1.402688539993366713e-02 1.943094287047524016e-02 2.598480749831373615e-02 3.213421181060526627e-02 3.983362628688200818e-02 4.825107655940485962e-02 5.880344703710623649e-02 7.042030146896742504e-02 8.427606987861623045e-02 9.978163352586509605e-02 1.167866190754110051e-01 1.358451220835934503e-01 1.564034094735990699e-01 1.781878213654788379e-01 2.019133058019174642e-01 2.268496156334720015e-01 2.527006363033518777e-01 2.801637070171694166e-01
0.000000000000000000e+00 3.119207133063091504e-03 8.223913985826223835e-03 1.416657820223032188e-02 1.960433144624540089e-02 2.603351956950860496e-02 3.222548034247150334e-02 3.996787130858329290e-02 4.843177005613114039e-02 5.924196750781619836e-02 7.088854105718353504e-02 8.513579311614326295e-02 1.008845725077754940e-01 1.183564483014290514e-01 1.378015555519873370e-01 1.586582512221861307e-01 1.809326521117906872e-01 2.051653995917874507e-01 2.305466347713925335e-01 2.568573190336179146e-01 2.849386132367430213e-01
0.000000000000000000e+00 3.173971615335028414e-03 8.422349333259538870e-03 1.431681308657657865e-02 1.975496519920760460e-02 2.608802904494349553e-02 3.233223979897374700e-02 4.006524934074166822e-02 4.860229715852663196e-02 5.949270934600679739e-02 7.137999381876283800e-02 8.593371120853043887e-02 1.019477728963664315e-01 1.199514053805928460e-01 1.396478812459267249e-01 1.608933553475457023e-01 1.837632828961162368e-01 2.083042979746864420e-01 2.340900277864261803e-01 2.610826719989584044e-01 2.894148702779108517e-01
0.000000000000000000e+00 3.227523710625477237e-03 8.617910990068849281e-03 1.447494880994666666e-02 1.991846739199602465e-02 2.612706302729623370e-02 3.246743802839243548e-02 4.013150150516268250e-02 4.874936335053483422e-02 5.966126741470116623e-02 7.192732442591300013e-02 8.666378215324722911e-02 1.030842830873306415e-01 1.214648985399798264e-01 1.415570711503719992e-01 1.632023100301680241e-01 1.865718060930889877e-01 2.114467955331310045e-01 2.375862966022530831e-01 2.651362676729374090e-01 2.939649065182789456e-01
0.000000000000000000e+00 3.280079349752421883e-03 8.791133797925130069e-03 1.455151244030680573e-02 2.008220863996359323e-02 2.611380953686184489e-02 3.247251845405337012e-02 4.007212903604565057e-02 4.892037903958702805e-02 5.975248705988378539e-02 7.252226058456567870e-02 8.742672061581940879e-02 1.041899407662945920e-01 1.229104849295687002e-01 1.433824093723749526e-01 1.654574005350434862e-01 1.892590842020587805e-01 2.145077085545778750e-01 2.410529829894200726e-01 2.691145404796825291e-01 2.986638454746489146e-01
0.000000000000000000e+00 3.331547384297686796e-03 8.950270582452629284e-03 1.458146356679973672e-02 2.022385671685694719e-02 2.608760379210657218e-02 3.243941176208565980e-02 3.995020031694461460e-02 4.913419972038552547e-02 5.993382491203968349e-02 7.311003753901509916e-02 8.822134093187024295e-02 1.053396124413419482e-01 1.243153404309937510e-01 1.451194229520071100e-01 1.676684361804783863e-01 1.918179996229752993e-01 2.175984647105403402e-01 2.444885922268548173e-01 2.730848186521170340e-01 3.033821016975864482e-01
0.000000000000000000e+00 3.382105003381027930e-03 9.124573537889245703e-03 1.462327797799585494e-02 2.037041018063947759e-02 2.606222583826786968e-02 3.244360316879518757e-02 3.983242180469818983e-02 4.931087781714890705e-02 6.019810618571105887e-02 7.373555413404554726e-02 8.902274187091618884e-02 1.064295467930844730e-01 1.257315259171149779e-01 1.469038343460033480e-01 1.698513178591879169e-01 1.944203885837951506e-01 2.206173823187085048e-01 2.480008573746149414e-01 2.771205900227512453e-01 3.079932121653568000e-01
