0.000000000000000000e+00
5.694932390130502675e-02
1.033930982324569592e-01
1.415080352683499576e-01
1.731415612643294466e-01
1.997187498410651352e-01
2.223631412993794521e-01
2.419635810600033188e-01
2.592189462470353423e-01
2.746755763701576591e-01
2.887587615205907121e-01
3.017982824156303923e-01
3.140487676476358958e-01
3.257058803863877583e-01
3.369192008095981405e-01
3.478024664866644633e-01
3.584416824248496392e-01
3.689015119025672029e-01
3.792302856769855790e-01
3.894639072370780775e-01
3.996288808630283906e-01
4.097446462290223468e-01
4.198253675543532903e-01
4.298812960140100392e-01
4.399198002483057923e-01
4.499461403955368199e-01
4.599640453005238161e-01
4.699761397753924319e-01
4.799842584864064676e-01
4.899896747852696133e-01
4.999932662371187053e-01
5.099956334167605743e-01
5.199971844915575181e-01
5.299981949659136049e-01
5.399988495461862659e-01
5.499992712449077725e-01
5.599995414553451401e-01
5.699997136907953843e-01
5.799998229164249341e-01
5.899998918402789005e-01
5.999999351234345246e-01
6.099999621775695768e-01
6.199999790110574116e-01
6.299999894390260202e-01
6.399999958713631365e-01
6.499999998226486664e-01
6.600000022401371069e-01
6.700000037134707931e-01
6.800000046080150184e-01
6.900000051491668174e-01
7.000000054753835466e-01
7.100000056713663410e-01
7.200000057887265825e-01
7.300000058587914342e-01
7.400000059005068520e-01
7.500000059252908136e-01
7.600000059400021657e-01
7.700000059487499549e-01
7.800000059539902164e-01
7.900000059571908873e-01
8.000000059592304869e-01
8.100000059606404790e-01
8.200000059617482684e-01
8.300000059627634652e-01
8.400000059638318417e-01
8.500000059650650863e-01
8.600000059665608987e-01
8.700000059684149800e-01
8.800000059707288047e-01
8.900000059736150604e-01
9.000000059772010896e-01
9.100000059816317766e-01
9.200000059870703240e-01
9.300000059937003627e-01
9.400000060017252856e-01
9.500000060113675815e-01
9.600000060228686127e-01
9.700000060364837307e-01
9.800000060524813872e-01
9.900000060711375838e-01
1.000000006092731653e+00
1.010000006117539595e+00
1.020000006145828308e+00
1.030000006177848704e+00
1.040000006213829487e+00
1.050000006253969609e+00
1.060000006298434716e+00
1.070000006347349153e+00
1.080000006400793300e+00
1.090000006458797799e+00
1.100000006521341556e+00
1.110000006588349741e+00
1.120000006659701564e+00
1.130000006735243590e+00
1.140000006814800182e+00
1.150000006898143301e+00
1.160000006984902798e+00
1.170000007074556425e+00
1.180000007167026244e+00
1.190000007263795290e+00
1.200000007359663279e+00
