   0.00000
  19.37178
  38.75197
  58.13971
  77.53415
  96.93442
 116.33965
 135.74895
 155.16146
 174.57627
 193.99252
 213.40930
 232.82575
 252.24097
 271.65410
 291.06425
 310.47057
 329.87220
 349.26829
 368.65800
 388.04051
 407.41500
 426.78067
 446.13674
 465.48243
 484.81700
 504.13970
 523.44983
 542.74668
 562.02958
 581.29788
 600.55094
 619.78815
 639.00894
 658.21273
 677.39899
 696.56721
 715.71690
 734.84761
 753.95890
 773.05037
 792.12164
 811.17236
 830.20220
 849.21087
 868.19810
 887.16364
 906.10729
 925.02885
 943.92817
 962.80511
 981.65956
1000.49143
1019.30068
1038.08727
1056.85118
1075.59244
1094.31108
1113.00715
1131.68073
1150.33193
1168.96086
1187.56766
1206.15248
1224.71548
1243.25686
1261.77682
1280.27555
1298.75328
1317.21025
1335.64670
1354.06287
1372.45902
1390.83542
1409.19232
1427.52999
1445.84871
1464.14874
1482.43034
1500.69379
1518.93935
1537.16726
1555.37778
1573.57116
1591.74761
1609.90737
1628.05065
1646.17765
1664.28854
1682.38350
1700.46269
1718.52624
1736.57428
1754.60690
1772.62418
1790.62619
1808.61297
1826.58454
1844.54089
1862.48200
1880.40781
