   0.00000
  18.56637
  37.13606
  55.70825
  74.28208
  92.85672
 111.43131
 130.00500
 148.57693
 167.14625
 185.71212
 204.27368
 222.83010
 241.38056
 259.92423
 278.46030
 296.98798
 315.50650
 334.01509
 352.51300
 370.99953
 389.47395
 407.93561
 426.38384
 444.81802
 463.23754
 481.64185
 500.03039
 518.40266
 536.75819
 555.09653
 573.41727
 591.72004
 610.00450
 628.27036
 646.51734
 664.74524
 682.95387
 701.14307
 719.31275
 737.46284
 755.59331
 773.70418
 791.79551
 809.86739
 827.91995
 845.95337
 863.96787
 881.96370
 899.94114
 917.90053
 935.84224
 953.76666
 971.67422
 989.56541
1007.44073
1025.30070
1043.14590
1060.97692
1078.79439
1096.59895
1114.39128
1132.17208
1149.94206
1167.70196
1185.45255
1203.19459
1220.92888
1238.65622
1256.37741
1274.09327
1291.80464
1309.51235
1327.21722
1344.92009
1362.62180
1380.32318
1398.02503
1415.72819
1433.43346
1451.14162
1468.85346
1486.56975
1504.29121
1522.01859
1539.75257
1557.49384
1575.24305
1593.00083
1610.76776
1628.54442
1646.33134
1664.12900
1681.93788
1699.75839
1717.59092
1735.43582
1753.29339
1771.16390
1789.04755
1806.94454
