   0.00000
  19.91820
  39.87224
  59.85974
  79.87822
  99.92512
 119.99779
 140.09352
 160.20949
 180.34285
 200.49065
 220.64992
 240.81761
 260.99063
 281.16585
 301.34012
 321.51024
 341.67301
 361.82520
 381.96360
 402.08498
 422.18613
 442.26384
 462.31494
 482.33630
 502.32480
 522.27739
 542.19108
 562.06291
 581.89003
 601.66963
 621.39901
 641.07556
 660.69675
 680.26018
 699.76355
 719.20468
 738.58152
 757.89216
 777.13481
 796.30784
 815.40976
 834.43925
 853.39513
 872.27640
 891.08223
 909.81196
 928.46509
 947.04133
 965.54054
 983.96279
1002.30832
1020.57757
1038.77116
1056.88990
1074.93478
1092.90699
1110.80791
1128.63910
1146.40228
1164.09940
1181.73253
1199.30395
1216.81611
1234.27161
1251.67321
1269.02382
1286.32651
1303.58448
1320.80107
1337.97973
1355.12405
1372.23770
1389.32448
1406.38824
1423.43294
1440.46261
1457.48130
1474.49316
1491.50232
1508.51298
1525.52932
1542.55552
1559.59577
1576.65420
1593.73493
1610.84199
1627.97938
1645.15100
1662.36066
1679.61205
1696.90875
1714.25422
1731.65174
1749.10444
1766.61529
1784.18706
1801.82232
1819.52341
1837.29248
1855.13142
