   0.00000
   0.00383
   0.00834
   0.01398
   0.02054
   0.02802
   0.03646
   0.04583
   0.05604
   0.06704
   0.07872
   0.09098
   0.10370
   0.11675
   0.13000
   0.14332
   0.15659
   0.16970
   0.18256
   0.19509
   0.20722
   0.21891
   0.23014
   0.24091
   0.25124
   0.26115
   0.27070
   0.27992
   0.28888
   0.29764
   0.30627
   0.31482
   0.32336
   0.33192
   0.34057
   0.34932
   0.35822
   0.36728
   0.37651
   0.38592
   0.39551
   0.40528
   0.41520
   0.42527
   0.43547
   0.44577
   0.45617
   0.46663
   0.47714
   0.48768
   0.49823
   0.50877
   0.51930
   0.52980
   0.54026
   0.55067
   0.56102
   0.57133
   0.58157
   0.59176
   0.60189
   0.61197
   0.62201
   0.63200
   0.64195
   0.65186
   0.66175
   0.67161
   0.68146
   0.69129
   0.70112
   0.71094
   0.72076
   0.73058
   0.74041
   0.75025
   0.76009
   0.76994
   0.77981
   0.78968
   0.79957
   0.80947
   0.81938
   0.82930
   0.83924
   0.84919
   0.85915
   0.86912
   0.87911
   0.88912
   0.89914
   0.90918
   0.91924
   0.92932
   0.93941
   0.94953
   0.95965
   0.96979
   0.97994
   0.99007
   1.00018
