   0.00000
  18.42017
  36.84943
  55.28717
  73.73277
  92.18556
 110.64487
 129.11001
 147.58025
 166.05486
 184.53310
 203.01420
 221.49738
 239.98184
 258.46680
 276.95145
 295.43496
 313.91652
 332.39531
 350.87049
 369.34126
 387.80678
 406.26623
 424.71882
 443.16373
 461.60017
 480.02736
 498.44454
 516.85095
 535.24586
 553.62857
 571.99836
 590.35459
 608.69661
 627.02379
 645.33557
 663.63137
 681.91069
 700.17303
 718.41793
 736.64499
 754.85383
 773.04410
 791.21552
 809.36782
 827.50080
 845.61429
 863.70817
 881.78237
 899.83685
 917.87164
 935.88681
 953.88245
 971.85875
 989.81591
1007.75420
1025.67391
1043.57540
1061.45908
1079.32540
1097.17486
1115.00798
1132.82537
1150.62765
1168.41549
1186.18960
1203.95074
1221.69969
1239.43728
1257.16437
1274.88184
1292.59062
1310.29166
1327.98593
1345.67443
1363.35817
1381.03818
1398.71552
1416.39125
1434.06643
1451.74214
1469.41946
1487.09947
1504.78324
1522.47183
1540.16631
1557.86771
1575.57706
1593.29537
1611.02361
1628.76274
1646.51368
1664.27732
1682.05450
1699.84604
1717.65270
1735.47518
1753.31416
1771.17024
1789.04398
1806.93586
