   0.00000
  20.48340
  40.97971
  61.48601
  81.99903
 102.51538
 123.03160
 143.54461
 164.05033
 184.54618
 205.02862
 225.49832
 245.94396
 266.36801
 286.76621
 307.13287
 327.46912
 347.76928
 368.03091
 388.25375
 408.42905
 428.55608
 448.63978
 468.66773
 488.64176
 508.55758
 528.41792
 548.21159
 567.94652
 587.60963
 607.21800
 626.75322
 646.21975
 665.61664
 684.93415
 704.18638
 723.36687
 742.46271
 761.49309
 780.43719
 799.30917
 818.10636
 836.82810
 855.47196
 874.04229
 892.53662
 910.96249
 929.30924
 947.58342
 965.78382
 983.91665
1001.97806
1019.97579
1037.91916
1055.78259
1073.58817
1091.33526
1109.01754
1126.65568
1144.24155
1161.76584
1179.24822
1196.68817
1214.08834
1231.45823
1248.75997
1266.04581
1283.28992
1300.53093
1317.72783
1334.91277
1352.09151
1369.22518
1386.36240
1403.47546
1420.59454
1437.72024
1454.84317
1471.97443
1489.11970
1506.25905
1523.42243
1540.58778
1557.79156
1575.01682
1592.24779
1609.51607
1626.80507
1644.14618
1661.49499
1678.89770
1696.33799
1713.82561
1731.34591
1748.91374
1766.52788
1784.19365
1801.90759
1819.66148
1837.48119
1855.33453
