 538.07816
 538.06907
 538.03959
 537.98409
 537.89581
 537.76770
 537.59402
 537.37131
 537.09871
 536.77651
 536.40706
 535.99392
 535.54116
 535.05380
 534.53656
 533.99443
 533.43306
 532.85720
 532.27299
 531.68587
 531.10171
 530.52646
 529.96721
 529.42958
 528.91976
 528.44618
 528.01655
 527.63848
 527.31858
 527.06435
 526.88105
 526.77352
 526.74462
 526.79504
 526.90770
 527.08304
 527.31705
 527.58154
 527.84543
 528.10064
 528.27016
 528.33961
 528.23653
 527.86510
 527.16346
 526.01585
 524.27862
 521.77065
 518.25923
 513.45223
 507.01406
 498.52618
 487.51200
 473.47091
 455.94088
 434.59055
 409.33281
 380.43195
 348.56882
 314.81862
 279.37964
 244.37314
 210.91480
 179.33680
 151.01872
 125.99834
 104.26438
  86.10504
  71.12575
  58.67972
  48.71666
  40.82157
  34.62288
  29.79888
  26.07642
  23.22760
  21.06503
  19.43656
  18.22012
  17.31878
  16.65637
  16.17356
  15.82460
  15.57454
  15.39688
  15.27178
  15.18446
  15.12406
  15.08266
  15.05454
  15.03563
  15.02302
  15.01470
  15.00925
  15.00572
  15.00346
  15.00202
  15.00112
  15.00056
  15.00021
  15.00000
