   0.00000
   0.00478
   0.00839
   0.01120
   0.01286
   0.01359
   0.01378
   0.01346
   0.01265
   0.01199
   0.01131
   0.01100
   0.01130
   0.01224
   0.01398
   0.01645
   0.01984
   0.02379
   0.02850
   0.03372
   0.03910
   0.04467
   0.05046
   0.05592
   0.06128
   0.06642
   0.07134
   0.07605
   0.08084
   0.08534
   0.09021
   0.09534
   0.10074
   0.10655
   0.11293
   0.11981
   0.12718
   0.13497
   0.14309
   0.15156
   0.16026
   0.16920
   0.17780
   0.18667
   0.19563
   0.20433
   0.21331
   0.22187
   0.23089
   0.24027
   0.24952
   0.25904
   0.26910
   0.27946
   0.29023
   0.30129
   0.31250
   0.32421
   0.33634
   0.34842
   0.36056
   0.37285
   0.38545
   0.39814
   0.41068
   0.42315
   0.43608
   0.44924
   0.46225
   0.47563
   0.48917
   0.50320
   0.51758
   0.53208
   0.54676
   0.56217
   0.57761
   0.59324
   0.60913
   0.62500
   0.64108
   0.65739
   0.67350
   0.68938
   0.70580
   0.72236
   0.73867
   0.75534
   0.77263
   0.79006
   0.80805
   0.82694
   0.84616
   0.86541
   0.88544
   0.90589
   0.92625
   0.94555
   0.96249
   0.97769
   0.99455
