1.500000000000000000e+01
4.453254052566619237e+01
7.216145149134902681e+01
9.823000444953414956e+01
1.230189880677429102e+02
1.467580389463464599e+02
1.696349241846880886e+02
1.918031417372357907e+02
2.133881439085426450e+02
2.344924334836783260e+02
2.551997367687650353e+02
2.755784207774896117e+02
2.956842914794035551e+02
3.155628852079156559e+02
3.352513450062118636e+02
3.547799570533646261e+02
3.741734086932453351e+02
3.934518184388442705e+02
4.126315791965733979e+02
4.317260484824827245e+02
4.507461132849059595e+02
4.697006522201101006e+02
4.885969135278562590e+02
5.074408240976507614e+02
5.262372419690127572e+02
5.449901624998835814e+02
5.637028865559718724e+02
5.823781575663419972e+02
6.010182730563196856e+02
6.196251752582293193e+02
6.382005245729526450e+02
6.567457589775931410e+02
6.752621419194265400e+02
6.937508007815458768e+02
7.122127576329406793e+02
7.306489536702749774e+02
7.490602685081341860e+02
7.674475352690139971e+02
7.858115522556561245e+02
8.041530918498090159e+02
8.224729071676404146e+02
8.407717369083877657e+02
8.590503087557411845e+02
8.773093416279232315e+02
8.955495470200223735e+02
9.137716296388457522e+02
9.319762874947717819e+02
9.501642115854256190e+02
9.683360852814399777e+02
9.864925835041531172e+02
1.004634371768139886e+03
1.022762105147360558e+03
1.040876427211961300e+03
1.058977968972959388e+03
1.077067347863893474e+03
1.095145166781703438e+03
1.113212013203445622e+03
1.131268458390736214e+03
1.149315056689910307e+03
1.167352344932649430e+03
1.185380841939185530e+03
1.203401048124008867e+03
1.221413445202263347e+03
1.239418495993598299e+03
1.257416644319148872e+03
1.275408314986465939e+03
1.293393913856572453e+03
1.311373827986892593e+03
1.329348425843479390e+03
1.347318057575829698e+03
1.365283055347490063e+03
1.383243733715717553e+03
1.401200390053555111e+03
1.419153305007853760e+03
1.437102742986992098e+03
1.455048952672306086e+03
1.472992167547518420e+03
1.490932606440772361e+03
1.508870474074192316e+03
1.526805961616232025e+03
1.544739247232425669e+03
1.562670496630529669e+03
1.580599863596488831e+03
1.598527490518202967e+03
1.616453508894773677e+03
1.634378039829907721e+03
1.652301194509461311e+03
1.670223074664756950e+03
1.688143773025061364e+03
1.706063373763703112e+03
1.723981952941163172e+03
1.741899578942033713e+03
1.759816312886638343e+03
1.777732208967672705e+03
1.795647314620922089e+03
1.813561670431606672e+03
1.831475309890639437e+03
1.849388259982020827e+03
1.867300545059547858e+03
1.885212193722769371e+03
1.903123276532495311e+03
