3.080137640838256061e+02
3.080121405270619448e+02
3.080106896553016327e+02
3.080087917964656867e+02
3.080073434376603814e+02
3.080061443904750149e+02
3.080051596406963199e+02
3.080037953406046540e+02
3.080032151193594245e+02
3.080028287040462374e+02
3.080023257967677637e+02
3.080023224941670605e+02
3.080022298953235804e+02
3.080017562769456276e+02
3.080021074255772646e+02
3.080023907901215807e+02
3.080029018186901908e+02
3.080038711113256795e+02
3.080052028672631650e+02
3.080063781396588638e+02
3.080067551445928871e+02
3.080057959340301181e+02
3.080026623130155485e+02
3.079954089436777736e+02
3.079827414953724656e+02
3.079624942940251913e+02
3.079305991356838490e+02
3.078827300515807224e+02
3.078134691396314793e+02
3.077139192588782066e+02
3.075749615352947899e+02
3.073848345011161882e+02
3.071285128916969711e+02
3.067837601026487278e+02
3.063177287140339899e+02
3.057169850936821263e+02
3.049528827176019945e+02
3.039561106972945481e+02
3.027141628303784273e+02
3.011495080030051668e+02
2.992251190268517007e+02
2.968334932340184196e+02
2.939361711922022664e+02
2.904440655830919127e+02
2.862196830890423485e+02
2.812014594295467873e+02
2.752870533581633481e+02
2.683777728638256690e+02
2.603820039242347661e+02
2.512311165190255053e+02
2.408839924157698817e+02
2.293430344939552867e+02
2.166614610752104397e+02
2.029560036579331381e+02
1.884057545502803919e+02
1.732546942357973876e+02
1.577972557611500690e+02
1.423234828823509304e+02
1.271152543451320867e+02
1.125577833197346678e+02
9.892960340850845569e+01
8.627428929892292331e+01
7.490248435191284671e+01
6.474825862115281438e+01
5.593351116904891285e+01
4.829236954188766617e+01
4.183406460289220519e+01
3.644347948904062662e+01
3.197568444839133406e+01
2.831287662616402656e+01
2.535543632289175875e+01
2.299000729330728632e+01
2.111539266184677643e+01
1.964301068688295615e+01
1.849675301682382411e+01
1.761216751545629577e+01
1.693544177218658575e+01
1.642222996938129853e+01
1.603641274163674524e+01
1.574891117756783743e+01
1.553656341951328024e+01
1.538112092988412805e+01
1.526835657572511984e+01
1.518729444239397885e+01
1.512955525283722835e+01
1.508880821754931567e+01
1.506032010857421710e+01
1.504058909451136117e+01
1.502705224223670832e+01
1.501785294862560249e+01
1.501166088185147451e+01
1.500753289214835640e+01
1.500480738065533970e+01
1.500302522503243097e+01
1.500187122379780824e+01
1.500113125069500519e+01
1.500066141797656982e+01
1.500036605794958788e+01
1.500018224183942728e+01
1.500006901292754158e+01
1.500000000000000000e+01
