-1.612176661680564393e-05
-2.232626878218013644e-05
-3.784081703450681289e-05
-5.710340959019788443e-05
-8.056045754578633478e-05
-1.062724966729433618e-04
-1.232231574501696514e-04
-1.163256764353803874e-04
-1.052762672468787741e-04
-1.030109490738340128e-04
-8.630975659151829404e-05
-5.707634811891182380e-05
-6.398624076808800964e-06
6.725545830299495265e-05
1.521627572866890432e-04
2.756618591259751838e-04
4.290534392143996456e-04
6.301299811610761026e-04
9.017950957872500339e-04
1.233873277087127462e-03
1.640944515035158702e-03
2.157099926352046282e-03
2.772786195990306624e-03
3.482094049351402987e-03
4.326872605881604272e-03
5.312512660761825600e-03
6.432324212171991462e-03
7.642829958394159462e-03
8.937337697128455716e-03
1.027328346489220223e-02
1.157487832526271632e-02
1.278343845111429289e-02
1.373174334524840390e-02
1.410493013341707069e-02
1.398610172969938503e-02
1.339405266118909310e-02
1.127173619439858498e-02
7.869592513833012504e-03
2.823285594979907387e-03
-4.384569542796867836e-03
-1.476262801647720835e-02
-2.854287786245635061e-02
-4.554756535810611240e-02
-6.950446711953617296e-02
-1.006731397805147310e-01
-1.392975170790737849e-01
-1.889454048013057275e-01
-2.525742083383999415e-01
-3.337167100483870996e-01
-4.339170997485677361e-01
-5.587072794828600308e-01
-7.137249595388617252e-01
-8.939857633165892992e-01
-1.098959662156755002e+00
-1.319356583136949368e+00
-1.538125574848869803e+00
-1.745978589219570054e+00
-1.933057929270283637e+00
-2.058327649178405494e+00
-2.091198532596977522e+00
-2.088129357272673126e+00
-2.012650041089557362e+00
-1.870954985296736872e+00
-1.693868870974160501e+00
-1.496624256967180600e+00
-1.301418580786279033e+00
-1.089691870524284401e+00
-9.036529797207326631e-01
-7.435173665075469618e-01
-6.002574414037502581e-01
-4.755584171211866273e-01
-3.733082258200530745e-01
-2.905429163498655099e-01
-2.241952465993727328e-01
-1.715681336229185616e-01
-1.302320409417829783e-01
-9.806508589657381147e-02
-7.325567239570951461e-02
-5.428617715941974620e-02
-3.990520939912445275e-02
-2.909517890076507296e-02
-2.103851760050645670e-02
-1.508540812517311647e-02
-1.072482457858647820e-02
-7.558900652052558122e-03
-5.280920911911013427e-03
-3.656718011095794196e-03
-2.509331420509131050e-03
-1.706341274994915835e-03
-1.149676417728229261e-03
-7.674530614026897624e-04
-5.075292066363257248e-04
-3.324848212594710972e-04
-2.157505903185308327e-04
-1.386648153630654079e-04
-8.826228243774547622e-05
-5.563226141480637210e-05
-3.471742910599040499e-05
-2.144509300527897011e-05
-1.310675615129319738e-05
-9.901702872294748659e-06
