-3.400940433812351671e-01
-3.356340861709021794e-01
-3.281243959505495411e-01
-3.236969496318913286e-01
-3.249228402743860045e-01
-3.273450442313539099e-01
-3.263888762792319653e-01
-3.238836022328790420e-01
-3.195416978835190491e-01
-3.135381771342728996e-01
-3.083645979980893514e-01
-3.022857357953157020e-01
-2.928220608183238483e-01
-2.822686876068196682e-01
-2.713474690975132830e-01
-2.601797511455394840e-01
-2.489014029345817391e-01
-2.383078856966420744e-01
-2.283007180744043296e-01
-2.173758551082265456e-01
-2.056866750193897531e-01
-1.940530965034774624e-01
-1.825146859558977042e-01
-1.710730668135731491e-01
-1.596533670278645900e-01
-1.482509526225186391e-01
-1.368995669237094148e-01
-1.256822476951953149e-01
-1.146292378260724831e-01
-1.039563009428619011e-01
-9.387101255644125786e-02
-8.425908465461873220e-02
-7.556458179055525193e-02
-6.855760978903902014e-02
-6.306087252068692806e-02
-5.955869378934153247e-02
-5.994987314137034673e-02
-6.392321215494334297e-02
-7.242909753658111072e-02
-8.695231386914770155e-02
-1.095416619144486958e-01
-1.405283226551041764e-01
-1.813992116596097048e-01
-2.394617779950003467e-01
-3.152796328567184503e-01
-4.111272708917752539e-01
-5.351115257684213589e-01
-6.943174962354952129e-01
-8.958871881999250775e-01
-1.148351226320055929e+00
-1.460647550477705892e+00
-1.834128711065257988e+00
-2.261024667830099588e+00
-2.717636944332157967e+00
-3.156792008444133657e+00
-3.507249254787705439e+00
-3.688124140689492236e+00
-3.621382730182283183e+00
-3.263664029108951148e+00
-2.713340542942513700e+00
-2.173492743765361279e+00
-1.699005166441037495e+00
-1.296788446414670393e+00
-1.005990632454706990e+00
-7.954153787359665717e-01
-6.385718544569813915e-01
-5.225702251144053179e-01
-4.264673524542563765e-01
-3.498143621290372707e-01
-2.930275253122001100e-01
-2.427399738633094772e-01
-2.000774964284031121e-01
-1.634179025596849133e-01
-1.321899556038185208e-01
-1.057721890798628550e-01
-8.371787475312264526e-02
-6.551728992561356435e-02
-5.070833886825176773e-02
-3.881041717559507997e-02
-2.938139096748637602e-02
-2.200196142427457424e-02
-1.630093647258967771e-02
-1.194943597107711586e-02
-8.668391668209984857e-03
-6.223085891668866942e-03
-4.421830233053980486e-03
-3.109858330969661466e-03
-2.164999299325010007e-03
-1.491978559072126842e-03
-1.017838076216359688e-03
-6.874047581123532424e-04
-4.595999241537862545e-04
-3.042179815633261342e-04
-1.993598809499896873e-04
-1.293420474994810832e-04
-8.308043586480184928e-05
-5.283431404845551072e-05
-3.326563458516673677e-05
-2.073661076740229703e-05
-1.279804610110346630e-05
-9.731010744085111241e-06
