-3.362252541721559851e-01
-3.344762894111106277e-01
-3.334927370991387363e-01
-3.388327241135797863e-01
-3.492946684608320140e-01
-3.593991992308147587e-01
-3.663307139033591397e-01
-3.699764891764587560e-01
-3.693314156624651901e-01
-3.653501725646037812e-01
-3.590108515994892002e-01
-3.485907788687079290e-01
-3.345385212652942641e-01
-3.186082455995418172e-01
-3.012115503275865080e-01
-2.828190011726618991e-01
-2.643326927574065621e-01
-2.462690875112762967e-01
-2.279484251191554733e-01
-2.088388201643844866e-01
-1.893927637968246813e-01
-1.700848250238600201e-01
-1.511544190415357036e-01
-1.325968270340176502e-01
-1.142978578195474881e-01
-9.627768451085927381e-02
-7.861177797216356566e-02
-6.142702507248642974e-02
-4.485024647355828620e-02
-2.915064319114435420e-02
-1.448291989442296313e-02
-1.087465380503971346e-03
1.018177825778820988e-02
1.854742577354073774e-02
2.402361136738662140e-02
2.548771608883626527e-02
2.048543976211547601e-02
9.148863606672108517e-03
-1.026745811577711720e-02
-4.030223391911391673e-02
-8.369271168201208866e-02
-1.416525112391866514e-01
-2.182181074138540566e-01
-3.232113170265549229e-01
-4.575317772197635691e-01
-6.267612774450590507e-01
-8.451830249994607414e-01
-1.121544791668817709e+00
-1.468524905677135450e+00
-1.900207528477519503e+00
-2.422453072498541360e+00
-3.025612166413775839e+00
-3.676609359114042519e+00
-4.292965112850756881e+00
-4.696811178943208986e+00
-4.642134532992509222e+00
-3.993530818725842479e+00
-2.952124602245054241e+00
-1.955787120117634004e+00
-1.284635059193913520e+00
-9.407646493074497407e-01
-7.583922764435988562e-01
-6.703162237296873549e-01
-6.288867348606643759e-01
-5.811483429735897488e-01
-5.424622991663343718e-01
-4.878833640624009593e-01
-4.278473649408376378e-01
-3.707320956493489472e-01
-3.157993368313418703e-01
-2.631858392250935319e-01
-2.164422670321152209e-01
-1.756787295758766021e-01
-1.409644005059810246e-01
-1.118499207169325604e-01
-8.781870378293399337e-02
-6.823389574553662129e-02
-5.248069500413743427e-02
-3.995620859153459214e-02
-3.011672046561508775e-02
-2.247286750178290049e-02
-1.660215224661709676e-02
-1.214268321321543276e-02
-8.792731974200607148e-03
-6.303541365561771137e-03
-4.474119322026126611e-03
-3.144031613716791185e-03
-2.187409699944686814e-03
-1.506725220486893058e-03
-1.027550655609998920e-03
-6.938037838674082636e-04
-4.638075091947246875e-04
-3.069772410065896295e-04
-2.011612675860696697e-04
-1.305122173471673364e-04
-8.383585015470096380e-05
-5.331884642345574576e-05
-3.357424136096742728e-05
-2.093184781282175777e-05
-1.292077228298715852e-05
-9.825548500597136581e-06
