-3.352861300802487676e-01
-3.366584723886703046e-01
-3.433595248164849068e-01
-3.574542708015684411e-01
-3.755355258995827228e-01
-3.928472110118335081e-01
-4.069974577000472493e-01
-4.158417018904643214e-01
-4.183404075233063679e-01
-4.155833474587460330e-01
-4.075250866105584180e-01
-3.938721948441461507e-01
-3.754519944112217900e-01
-3.536005344771986358e-01
-3.294729523362747159e-01
-3.040083476167723120e-01
-2.782183018698560772e-01
-2.521439401939140623e-01
-2.252701039417708273e-01
-1.978378430351632744e-01
-1.704835648967240047e-01
-1.436082481599321170e-01
-1.174222131177771189e-01
-9.193201118651472825e-02
-6.705778069782653006e-02
-4.286160134020633450e-02
-1.946591730130364795e-02
2.930755559130915344e-03
2.413033874166359283e-02
4.386851638651734220e-02
6.184631624805803085e-02
7.745074714679844874e-02
8.962568246326441113e-02
9.750985807163559116e-02
1.007360726267059192e-01
9.760198349270154949e-02
8.525536487595886115e-02
6.336558391372193455e-02
2.925668855234064836e-02
-2.049737804109952322e-02
-8.946781175759355165e-02
-1.805984962467626076e-01
-3.004599256306370592e-01
-4.605086750883629065e-01
-6.633528893414357697e-01
-9.197303765930904262e-01
-1.246339302631024992e+00
-1.657229663492177707e+00
-2.170155738149897928e+00
-2.796291743889007364e+00
-3.530849466715793028e+00
-4.333804865874055778e+00
-5.084912221884859918e+00
-5.486567937926368543e+00
-5.041209394519033715e+00
-3.666034770539159382e+00
-2.078768450469492990e+00
-1.038011567935557267e+00
-6.252120642183713883e-01
-5.635804177063588050e-01
-6.695134293549913629e-01
-7.695293172885233624e-01
-8.060883137293535228e-01
-7.926674477377493311e-01
-7.344444278095627610e-01
-6.560577022442681816e-01
-5.649430014285135027e-01
-4.806250812890690005e-01
-4.036198846597742751e-01
-3.344887176913927673e-01
-2.744612050238148804e-01
-2.233135499964553627e-01
-1.799772798302587962e-01
-1.437196197969972111e-01
-1.136581154420535089e-01
-8.902642287187567671e-02
-6.904988990636307111e-02
-5.303525709693368562e-02
-4.033345913226971113e-02
-3.037286336358535621e-02
-2.264599084236218474e-02
-1.671852908465187859e-02
-1.222038697808458529e-02
-8.844263366919680180e-03
-6.337459805074163732e-03
-4.496282802323392502e-03
-3.158401627506357556e-03
-2.196656847207378860e-03
-1.512628757267653334e-03
-1.031290567454878904e-03
-6.961539484306999981e-04
-4.652726453158173570e-04
-3.078830633479467949e-04
-2.017166493691879836e-04
-1.308497557653831578e-04
-8.403914232069098489e-05
-5.344008318441950678e-05
-3.364576562214782740e-05
-2.097351210150755207e-05
-1.294466721679654597e-05
-9.842837577211938083e-06
