-3.383942948724723010e-01
-3.434965475425002523e-01
-3.580862961984792037e-01
-3.799661060830921144e-01
-4.051520128736747495e-01
-4.294171334926843997e-01
-4.492887796233908659e-01
-4.621048029586027894e-01
-4.675516166487874159e-01
-4.653104212050251931e-01
-4.548327191044236883e-01
-4.370704920954331385e-01
-4.137588203826325639e-01
-3.860501462996701605e-01
-3.548606323488492365e-01
-3.218379386489544913e-01
-2.879282524182400493e-01
-2.531281958631339535e-01
-2.174820747207952820e-01
-1.815730997997349050e-01
-1.461090967585185751e-01
-1.115673925559370616e-01
-7.816053449324300573e-02
-4.593285120239087860e-02
-1.484955137967602923e-02
1.498181945516208202e-02
4.338417070463407299e-02
7.009650837524361577e-02
9.490121992751454627e-02
1.174806521203883847e-01
1.373627007521882604e-01
1.538274270380739495e-01
1.654148509275294998e-01
1.708688630159542754e-01
1.695591395929838541e-01
1.593116607514524219e-01
1.368332726483387773e-01
1.011146894295436027e-01
4.856637202503932826e-02
-2.511208137521592221e-02
-1.248088411969021649e-01
-2.556155709300753642e-01
-4.261713996269946847e-01
-6.489274447435136040e-01
-9.315700041738708137e-01
-1.287449409858464122e+00
-1.736658761772101656e+00
-2.299350219908905757e+00
-2.990650001653261114e+00
-3.813033478953379074e+00
-4.728264788282114495e+00
-5.593374087642292380e+00
-5.993211348561311880e+00
-5.193423135951737102e+00
-3.194627281972699073e+00
-1.262210405463791041e+00
-3.073861007572791237e-01
-2.014592820847349586e-01
-4.816667527007281180e-01
-8.176239643108571542e-01
-1.062509216799406797e+00
-1.127601020084333605e+00
-1.057009756837599568e+00
-9.341643499841554288e-01
-8.046814879098338480e-01
-6.821356401402995928e-01
-5.731561607146264947e-01
-4.819635996877331685e-01
-4.021983253342458209e-01
-3.331877444606619054e-01
-2.738376011670728971e-01
-2.230621764123948969e-01
-1.799477256987334073e-01
-1.437830426289715691e-01
-1.137560531020115340e-01
-8.912426865907119300e-02
-6.913600117010088031e-02
-5.310490103250187222e-02
-4.038758506787321068e-02
-3.041340345020271396e-02
-2.267572254687111322e-02
-1.673985079418982558e-02
-1.223545392624214578e-02
-8.854737728732575697e-03
-6.344654687932216319e-03
-4.501159840504143084e-03
-3.161672778158042263e-03
-2.198825761941192170e-03
-1.514052874367788348e-03
-1.032215904832267661e-03
-6.967496227361369421e-04
-4.656523357894348791e-04
-3.081228817185532876e-04
-2.018666708392125031e-04
-1.309427391628092963e-04
-8.409621057658966947e-05
-5.347476406258877546e-05
-3.366661443315877023e-05
-2.098589871302181109e-05
-1.295192407879675045e-05
-9.848166200310259910e-06
