-3.435969282903386102e-01
-3.526648219852468458e-01
-3.751108316796738507e-01
-4.042965863220402412e-01
-4.362898917197206572e-01
-4.668908376060691978e-01
-4.917415889922871486e-01
-5.079878720475683451e-01
-5.149990401974307019e-01
-5.120815675465273387e-01
-4.986885311254098951e-01
-4.763419062615987798e-01
-4.472792913956489258e-01
-4.128433452259727687e-01
-3.741518023858816377e-01
-3.328006806566961018e-01
-2.899436450351302597e-01
-2.458677400274424940e-01
-2.011128488937572456e-01
-1.565600201791710333e-01
-1.129140213495283263e-01
-7.071674715998099714e-02
-3.032278522643849783e-02
8.222340718763376799e-03
4.490655234858209610e-02
7.959983070965748198e-02
1.122608536000093693e-01
1.424462776559209942e-01
1.697308202568663660e-01
1.938294568500680271e-01
2.140814709639116131e-01
2.293727346042011561e-01
2.381452634785148348e-01
2.390110126467881457e-01
2.307984412381642869e-01
2.109587663928387258e-01
1.757107495764067551e-01
1.229386943861783266e-01
4.805678520506617701e-02
-5.410827552766406257e-02
-1.901221649119904100e-01
-3.669699227298934829e-01
-5.950999245935832960e-01
-8.908147484311292885e-01
-1.264289803249418753e+00
-1.732017920283681178e+00
-2.318933835478333094e+00
-3.045237773408707938e+00
-3.918639106606015332e+00
-4.910262856809143983e+00
-5.879687100427643642e+00
-6.342338903225954283e+00
-5.348554126238169282e+00
-2.903720019446176082e+00
-6.430057224100433899e-01
3.119961308123464505e-01
1.639695944172609998e-01
-4.772793907918249090e-01
-1.097203587431470950e+00
-1.439798633250756410e+00
-1.489039269887596717e+00
-1.335001563940054758e+00
-1.106227764537837999e+00
-9.198463028419023857e-01
-7.769765375078199199e-01
-6.595121954843614631e-01
-5.610974068611922494e-01
-4.752964465502478308e-01
-3.988849614929327325e-01
-3.317227512833145209e-01
-2.731562332510459878e-01
-2.227177107196323114e-01
-1.797767198833313262e-01
-1.436940284849187455e-01
-1.137125243739556257e-01
-8.910344463713304464e-02
-6.912766535449721417e-02
-5.310265311761686036e-02
-4.038825504664322885e-02
-3.041523741909024636e-02
-2.267779672311387440e-02
-1.674179382663310012e-02
-1.223706834916526986e-02
-8.856024929803196777e-03
-6.345622820943752629e-03
-4.501877131811271582e-03
-3.162184018128955110e-03
-2.199187504376531876e-03
-1.514301448672705774e-03
-1.032385903667831784e-03
-6.968631660091428870e-04
-4.657278539805798090e-04
-3.081721177454754823e-04
-2.018986280668544353e-04
-1.309631242065734114e-04
-8.410914666490132419e-05
-5.348284572137540493e-05
-3.367163179335275203e-05
-2.098896797575466877e-05
-1.295378653121126433e-05
-9.849563172181774462e-06
