-3.557507653231866129e-01
-3.686282334546930883e-01
-3.984365620212209080e-01
-4.344664233694182087e-01
-4.726589814958828129e-01
-5.086588454078011523e-01
-5.376970015278104142e-01
-5.563565224215665239e-01
-5.634952866156197615e-01
-5.586853643372542422e-01
-5.415443221012274932e-01
-5.136844765312389427e-01
-4.779756464090958445e-01
-4.359393912823108508e-01
-3.887431565166004077e-01
-3.381082735424811858e-01
-2.854893435311716132e-01
-2.315980129006653954e-01
-1.774044036186523954e-01
-1.239854586640696255e-01
-7.214842468516380336e-02
-2.250469405199595485e-02
2.456020731829511305e-02
6.898078732265489066e-02
1.106821710440044626e-01
1.495234148430171217e-01
1.852823434190469243e-01
2.174916287344537125e-01
2.458505716226184745e-01
2.698984283528069739e-01
2.887175801507773087e-01
3.009817041431759321e-01
3.055173657317418190e-01
3.000813144666523158e-01
2.825561886007932344e-01
2.504197213760441798e-01
1.990225988618092856e-01
1.255115284858767666e-01
2.444050407436648698e-02
-1.108984817306293280e-01
-2.889613474357517475e-01
-5.187972034054944004e-01
-8.130217530531211878e-01
-1.191236385296182476e+00
-1.666834528310563002e+00
-2.259643762711672110e+00
-2.996690957713180836e+00
-3.891861164755592739e+00
-4.928306374815877078e+00
-5.983530810807534905e+00
-6.584778167163486629e+00
-5.643658143046469178e+00
-2.893415988287800111e+00
-2.287305063538491723e-01
8.525049007632601317e-01
5.795498929429232504e-01
-3.893452519449436267e-01
-1.371801093932433879e+00
-1.909741642193970357e+00
-1.903488118976215837e+00
-1.599209243856843710e+00
-1.261723279818970145e+00
-1.012150647971762130e+00
-8.614950059286310413e-01
-7.481680223227631377e-01
-6.486667741505895979e-01
-5.577887297001220546e-01
-4.741616310766121334e-01
-3.985693950999487090e-01
-3.315773785021158826e-01
-2.730770116345397902e-01
-2.226520945366357029e-01
-1.797462385469704715e-01
-1.436703275442152705e-01
-1.137046407953462568e-01
-8.909739955768991582e-02
-6.912766746901533033e-02
-5.310250465562127431e-02
-4.039004942481960736e-02
-3.041643076743816287e-02
-2.267942830312918989e-02
-1.674289761539804466e-02
-1.223815159770313965e-02
-8.856755958501438819e-03
-6.346245163909691733e-03
-4.502293797968848210e-03
-3.162510190870548854e-03
-2.199403566389146469e-03
-1.514461047274262562e-03
-1.032490320320933463e-03
-6.969369525113844333e-04
-4.657754709920247649e-04
-3.082045697689883568e-04
-2.019192634877819970e-04
-1.309767558753671679e-04
-8.411767957994253919e-05
-5.348832631568711804e-05
-3.367500557560632046e-05
-2.099107791420085078e-05
-1.295506193843554144e-05
-9.850534423261336769e-06
