-3.722515897124551998e-01
-3.887648860244894422e-01
-4.255966241714368437e-01
-4.680750943305156397e-01
-5.119791460049114562e-01
-5.525772048286405891e-01
-5.848278482378717058e-01
-6.047432796119664999e-01
-6.108737720018595496e-01
-6.030511523626387316e-01
-5.809473264243862900e-01
-5.465847179936815792e-01
-5.034189920262832629e-01
-4.527161223576854354e-01
-3.957806224668800610e-01
-3.349541124664234815e-01
-2.718942220830271594e-01
-2.077744325489447874e-01
-1.439152221556057043e-01
-8.157017127615517893e-02
-2.171295046838750409e-02
3.501178742528310295e-02
8.822877365803094563e-02
1.377273174689044311e-01
1.834187214623668183e-01
2.251327591778107262e-01
2.625557597484409200e-01
2.953086258754211713e-01
3.231069447318084542e-01
3.454320382390712041e-01
3.615501847409845482e-01
3.695808287317490226e-01
3.672513143829476689e-01
3.524978894817394348e-01
3.232647859409993885e-01
2.761601572094356527e-01
2.057038023983217556e-01
1.079526294540151810e-01
-2.374911586424133247e-02
-1.975659029524088339e-01
-4.238734270043487129e-01
-7.139548055145752414e-01
-1.083397887375021185e+00
-1.554660900937570034e+00
-2.144199921921540408e+00
-2.874440513056278235e+00
-3.768611449772304667e+00
-4.821941958109544402e+00
-5.941084132858945210e+00
-6.720614780652359954e+00
-6.029981732431958896e+00
-3.240588710888704149e+00
-9.448705838643167709e-02
1.362515756165909586e+00
1.093095133482396619e+00
-1.074340750406399536e-01
-1.497207843597137433e+00
-2.392188151837165933e+00
-2.440812072865663929e+00
-1.920846881656256055e+00
-1.395461082991241497e+00
-1.086390295156502095e+00
-9.368124504508070771e-01
-8.417225096855918132e-01
-7.461795333460516932e-01
-6.505082629643990089e-01
-5.589647307084539829e-01
-4.745178486412383601e-01
-3.986462562987550529e-01
-3.315604761467558781e-01
-2.730103476873242396e-01
-2.226142613065996700e-01
-1.797052251552798685e-01
-1.436503808895541745e-01
-1.136850428879125907e-01
-8.908861832169456818e-02
-6.911917763163011319e-02
-5.309901843254938303e-02
-4.038665399522622934e-02
-3.041519361124223053e-02
-2.267818864250725763e-02
-1.674252925587649266e-02
-1.223775375348301608e-02
-8.856684957311955486e-03
-6.346144853519475326e-03
-4.502305270947415394e-03
-3.162500246698063400e-03
-2.199426949063498782e-03
-1.514470948729473854e-03
-1.032507781086766663e-03
-6.969467288876485256e-04
-4.657856610207344872e-04
-3.082107053992144685e-04
-2.019244909131634458e-04
-1.309799803710376409e-04
-8.412013772429727254e-05
-5.348985180542165097e-05
-3.367608761140061802e-05
-2.099174891634358886e-05
-1.295551447533238587e-05
-9.850876580230760737e-06
