-3.924657249146790150e-01
-4.124836436489971447e-01
-4.560243814106321736e-01
-5.045430016498393400e-01
-5.535473324820223695e-01
-5.979871795907740761e-01
-6.323836060049607966e-01
-6.522547707269836792e-01
-6.563463525284447542e-01
-6.442302059610760523e-01
-6.157662030634512007e-01
-5.740470529648149522e-01
-5.223418337190537386e-01
-4.615686374696394978e-01
-3.937885248541768135e-01
-3.219476251512531917e-01
-2.478937524351572108e-01
-1.732250415505447450e-01
-9.954288516084375260e-02
-2.844043068666479712e-02
3.892382336915289898e-02
1.021040760875244757e-01
1.606427136945391965e-01
2.141034294338339805e-01
2.624274312953396304e-01
3.054444498969139943e-01
3.428870195845732383e-01
3.744815386782178734e-01
4.005443935203949479e-01
4.201295392216763958e-01
4.311727730592522789e-01
4.320443711845207702e-01
4.206686105477359661e-01
3.949686364792377447e-01
3.518666710233162576e-01
2.866528568306669911e-01
1.934386008315911454e-01
6.738266302359008364e-02
-9.953655224644819555e-02
-3.174352233586930083e-01
-5.987831611079101890e-01
-9.572918616862935437e-01
-1.411479898072450112e+00
-1.986737371887542736e+00
-2.702006468951431373e+00
-3.578318660884693969e+00
-4.625365137306815200e+00
-5.781474786324350745e+00
-6.730656548702112829e+00
-6.439628400527908525e+00
-3.851529920481245206e+00
-3.191806712001685753e-01
1.717541719737085693e+00
1.721868145663581373e+00
4.161802959563907223e-01
-1.355887954916132898e+00
-2.759754247269349037e+00
-3.084569136135018930e+00
-2.400829176329298598e+00
-1.563552735028171270e+00
-1.135753546502515476e+00
-1.002784209427339146e+00
-9.368367346593462486e-01
-8.541513364117285789e-01
-7.538639612451702998e-01
-6.536291156539490999e-01
-5.597688269406202455e-01
-4.747607402342873817e-01
-3.987223942624512629e-01
-3.315856278924517175e-01
-2.730249797546981938e-01
-2.226212792865609469e-01
-1.797107734583013317e-01
-1.436530228474769411e-01
-1.136879003050808024e-01
-8.908999490342883742e-02
-6.912086446723675337e-02
-5.309987986067266075e-02
-4.038766688317696474e-02
-3.041574617289832805e-02
-2.267877781322835684e-02
-1.674286835434768417e-02
-1.223808093475475811e-02
-8.856880539119926787e-03
-6.346317862268913146e-03
-4.502411243551662778e-03
-3.162587450695419911e-03
-2.199481108509759864e-03
-1.514512927092592776e-03
-1.032534006640051238e-03
-6.969660639462027518e-04
-4.657977397890533666e-04
-3.082192396528515843e-04
-2.019297983845147471e-04
-1.309835943511528100e-04
-8.412236776977888297e-05
-5.349132122212107987e-05
-3.367698513190298115e-05
-2.099232280206031476e-05
-1.295586093086331658e-05
-9.851144767480946030e-06
