-4.005893163246412314e-01
-4.242374903323273827e-01
-4.748663994225452711e-01
-5.298061981870461068e-01
-5.841328231825961836e-01
-6.322882422687214898e-01
-6.680766908932831427e-01
-6.873077027948255591e-01
-6.885947189144125957e-01
-6.706828403365854285e-01
-6.349233584082831783e-01
-5.851888310620445566e-01
-5.232543459544984898e-01
-4.509497165460629731e-01
-3.716977098571234706e-01
-2.882133205610806215e-01
-2.027138958093495091e-01
-1.174185472687732101e-01
-3.439739825879328805e-02
4.457031359073582166e-02
1.183988970581886235e-01
1.864790195829151287e-01
2.488373452476153602e-01
3.047697845676644590e-01
3.536420812310545614e-01
3.957460933106773382e-01
4.309691903774748312e-01
4.601256038613357191e-01
4.827314992021207729e-01
4.963761921579816772e-01
4.996248259188078578e-01
4.914977710531829302e-01
4.694722913245037432e-01
4.298049583080434388e-01
3.691574555508552180e-01
2.826345373073735345e-01
1.630707766343846288e-01
4.433701784616772557e-03
-2.029933378528845367e-01
-4.713228360385279814e-01
-8.152179027147106183e-01
-1.251082288404038678e+00
-1.800269306362281441e+00
-2.490836781918687848e+00
-3.341539299941647556e+00
-4.364370309279728133e+00
-5.528740262418107676e+00
-6.609125538378355813e+00
-6.758319525108642978e+00
-4.654753369070929736e+00
-8.929001771320965730e-01
1.849495270950180625e+00
2.346340334432452934e+00
1.172695566387728761e+00
-8.678586129978622665e-01
-2.838806178518648693e+00
-3.727959432898662939e+00
-3.120202533440752823e+00
-1.880124607638745005e+00
-1.158157413946361292e+00
-1.030200146326290422e+00
-1.028396320294696853e+00
-9.695832343567793998e-01
-8.669715809654645611e-01
-7.567678815173999318e-01
-6.537949338082114092e-01
-5.593616256128171038e-01
-4.745324785388832511e-01
-3.985712951790719716e-01
-3.314070393971356721e-01
-2.729549623787151935e-01
-2.225236098909376681e-01
-1.796665407450955820e-01
-1.436005371697968158e-01
-1.136618595820325650e-01
-8.906260718801761733e-02
-6.910637131259023125e-02
-5.308600608960467593e-02
-4.037997464351883448e-02
-3.040892551041840530e-02
-2.267486811258168089e-02
-1.673961657763933797e-02
-1.223617393842291179e-02
-8.855378584695317024e-03
-6.345424236453012234e-03
-4.501739832580731182e-03
-3.162184897699704678e-03
-2.199190921978066982e-03
-1.514338555797745123e-03
-1.032412864788501139e-03
-6.968934326913034383e-04
-4.657489430935912722e-04
-3.081901565209488325e-04
-2.019108575020966967e-04
-1.309724098228493006e-04
-8.411529860863353747e-05
-5.348720084907832018e-05
-3.367446057400691473e-05
-2.099087906770602530e-05
-1.295500936615567866e-05
-9.850538897016036799e-06
