-4.267024672051178413e-01
-4.536276809811532473e-01
-5.103549961855726735e-01
-5.703865192997987776e-01
-6.285768986483617482e-01
-6.787425711741938983e-01
-7.142008855413521928e-01
-7.311935448564135243e-01
-7.275270076510764738e-01
-7.020275913853026850e-01
-6.580630648876812927e-01
-5.983392070428905640e-01
-5.242297329397587191e-01
-4.394476359129662058e-01
-3.477139080034490348e-01
-2.517851451368393612e-01
-1.544837221082069334e-01
-5.868619697032428917e-02
3.321833264706341993e-02
1.193613712030376917e-01
1.986019253319426525e-01
2.709236720354972761e-01
3.358693567021795445e-01
3.921567445474281044e-01
4.397829393772205719e-01
4.792074100481542587e-01
5.119478600362121767e-01
5.374604153294164632e-01
5.534445458578716170e-01
5.592166256411594816e-01
5.540449399729929780e-01
5.353374531896299970e-01
4.995454735790580969e-01
4.434664004558932504e-01
3.631454269045804040e-01
2.522838253347607917e-01
1.025268637422556139e-01
-9.330832327501070722e-02
-3.467377015557921993e-01
-6.722248036360838341e-01
-1.086637851323693837e+00
-1.609107234549046694e+00
-2.264132770897770541e+00
-3.079902768764476662e+00
-4.070110520411173383e+00
-5.219288413106596636e+00
-6.382689863666888286e+00
-6.927845141387727779e+00
-5.488135775387235071e+00
-1.845950487703499121e+00
1.615217551978121335e+00
2.862650065206107541e+00
2.044288333571499194e+00
-3.437514237542238504e-02
-2.496536415148925769e+00
-4.171256526942688225e+00
-4.036442555999117943e+00
-2.523243554070335293e+00
-1.269883011332179734e+00
-9.874509086952230064e-01
-1.094432683699480435e+00
-1.096293910664319693e+00
-9.952261721798598693e-01
-8.713836860400032691e-01
-7.578152837296809885e-01
-6.542174068847459445e-01
-5.602982240224760879e-01
-4.751551068455481808e-01
-3.990195126213892385e-01
-3.318755266575416085e-01
-2.731730290300719011e-01
-2.227716202999965311e-01
-1.797903180031565906e-01
-1.437299042820920913e-01
-1.137294571492729611e-01
-8.912847877530716278e-02
-6.914202540849934131e-02
-5.311864604450899918e-02
-4.039813659569346793e-02
-3.042463399903494459e-02
-2.268379528059560890e-02
-1.674694767485340741e-02
-1.224040392228953333e-02
-8.858691739346169491e-03
-6.347354661351500837e-03
-4.503187876200187567e-03
-3.163032772316332064e-03
-2.199802219160162942e-03
-1.514696724747910395e-03
-1.032661827090275430e-03
-6.970388544352834614e-04
-4.658466378306691524e-04
-3.082468543819105733e-04
-2.019477332766417277e-04
-1.309936024768143525e-04
-8.412864836193634233e-05
-5.349476622773519097e-05
-3.367906496898331881e-05
-2.099343198858072412e-05
-1.295649471266813180e-05
-9.851567236651703752e-06
