-4.562008203712224486e-01
-4.861686084931946539e-01
-5.484808801587348626e-01
-6.129702442712563482e-01
-6.741249433415070769e-01
-7.250624683197415266e-01
-7.590025321015545501e-01
-7.724095348363881897e-01
-7.621007687219254478e-01
-7.281766993513052455e-01
-6.746323378188137099e-01
-6.028610668484972734e-01
-5.155612580591757421e-01
-4.176319594324802154e-01
-3.126197087484428039e-01
-2.037919713992657478e-01
-9.491158209142369628e-02
1.076090647169181125e-02
1.105942959348666932e-01
2.026179326352810506e-01
2.861676307299987343e-01
3.613653092946620404e-01
4.266630919362661700e-01
4.809973822982804847e-01
5.252767220942118342e-01
5.619242272572400054e-01
5.904910743247384630e-01
6.085712847305764228e-01
6.167669094967784815e-01
6.140379722864537371e-01
5.978048307623815560e-01
5.657439143299782813e-01
5.146399422226544118e-01
4.398859342938408190e-01
3.365461097987996197e-01
1.977115171053931419e-01
1.373340813022139173e-02
-2.243233558902275604e-01
-5.299145953562245381e-01
-9.198536817173419422e-01
-1.413552593766031151e+00
-2.032901495750763843e+00
-2.803263773843120532e+00
-3.750959242192077880e+00
-4.871279488137776781e+00
-6.071273499832360088e+00
-6.917209970433050970e+00
-6.205444214804769487e+00
-3.033878248325992288e+00
9.458326384282589316e-01
3.110433607130836720e+00
2.902180411139861249e+00
1.041973539409632110e+00
-1.676585647441120486e+00
-4.143262561702881541e+00
-4.933938562061991107e+00
-3.539800835097458354e+00
-1.648291129326380222e+00
-9.271277603611700613e-01
-1.064782124535143204e+00
-1.213255475458913768e+00
-1.138173676581070382e+00
-9.957901641146573724e-01
-8.670413558786229657e-01
-7.556876114333683780e-01
-6.537294404596398767e-01
-5.596782296159508174e-01
-4.748829901985920365e-01
-3.988684909862330041e-01
-3.316040471790431265e-01
-2.731185182802582379e-01
-2.226424785651246463e-01
-1.797611552096882725e-01
-1.436686333848992136e-01
-1.137149809431546865e-01
-8.910023437665182122e-02
-6.913511939631489245e-02
-5.310603088271825811e-02
-4.039493006934979924e-02
-3.041917355513390486e-02
-2.268234102362809423e-02
-1.674465598797503230e-02
-1.223976054181774575e-02
-8.857759133774956162e-03
-6.347078043553500137e-03
-4.502820096110582426e-03
-3.162917716105551058e-03
-2.199661852022805064e-03
-1.514650632757241766e-03
-1.032610080192730706e-03
-6.970211448820151645e-04
-4.658282612625130881e-04
-3.082403564660385342e-04
-2.019414721102785748e-04
-1.309913387051997447e-04
-8.412661610968097392e-05
-5.349402528309621374e-05
-3.367844638535455459e-05
-2.099321017079436302e-05
-1.295632596498563771e-05
-9.851490849088762047e-06
