-4.886965003155694376e-01
-5.214581235401354320e-01
-5.887926670918197658e-01
-6.569780537482365901e-01
-7.200487597448095300e-01
-7.705368463718684779e-01
-8.019160263614395490e-01
-8.099446410961057552e-01
-7.914265029946534469e-01
-7.483232642418293779e-01
-6.832808339186229318e-01
-5.977489705962355515e-01
-4.966437300170483127e-01
-3.846965395540991040e-01
-2.657170248490388076e-01
-1.440862290893960562e-01
-2.419100469466073378e-02
9.038816693485784981e-02
1.967972555936086110e-01
2.932389886132931167e-01
3.800069061730546593e-01
4.558881768721967376e-01
5.186706890816346061e-01
5.689015638053405155e-01
6.099760846785748925e-01
6.418795565428538907e-01
6.621864924977529654e-01
6.725709008033113889e-01
6.719217993152533097e-01
6.575152294701176459e-01
6.286626838727862321e-01
5.819135028584696556e-01
5.126153322032180881e-01
4.162673331499142648e-01
2.870333041556776266e-01
1.165436945629743093e-01
-1.062345372452249137e-01
-3.922268455165678347e-01
-7.568444449159628107e-01
-1.219149338387492065e+00
-1.801529847700322762e+00
-2.527065077340207466e+00
-3.421109442037213455e+00
-4.498857873460210044e+00
-5.703043624798684874e+00
-6.743619699649647359e+00
-6.689400605397569421e+00
-4.265762800306641012e+00
-1.469303810976310132e-01
2.957249229810742008e+00
3.591580411960944019e+00
2.200255826801669201e+00
-4.700944472924284412e-01
-3.502254144444881589e+00
-5.422781696703413701e+00
-4.836688965763095815e+00
-2.506368415960988472e+00
-9.707687092889170088e-01
-9.358681690183097146e-01
-1.259923816019543175e+00
-1.293483827365288441e+00
-1.137608673935795789e+00
-9.841821326790101132e-01
-8.632277078234751322e-01
-7.547902254255580701e-01
-6.535095127875500953e-01
-5.595223751903455334e-01
-4.748430220732112739e-01
-3.988563697967704158e-01
-3.315626606812368538e-01
-2.731378428251122203e-01
-2.226256885209858538e-01
-1.797702361923505521e-01
-1.436623908823563278e-01
-1.137185221116442380e-01
-8.909791055879501265e-02
-6.913635263757744731e-02
-5.310516822722288754e-02
-4.039532397569234323e-02
-3.041885985489134470e-02
-2.268245926875223084e-02
-1.674454691082805091e-02
-1.223979549215548079e-02
-8.857724088975449384e-03
-6.347089198619038086e-03
-4.502810348269270513e-03
-3.162921997362566628e-03
-2.199659936956255279e-03
-1.514652623917145391e-03
-1.032610171396886045e-03
-6.970221598511239236e-04
-4.658286410749168382e-04
-3.082408738164232886e-04
-2.019417507658216593e-04
-1.309915915519432872e-04
-8.412677020919190340e-05
-5.349414243760453047e-05
-3.367852087388101268e-05
-2.099326177862348430e-05
-1.295635918729942659e-05
-9.851517425607525524e-06
