-5.238689449305269363e-01
-5.591492596295033479e-01
-6.308514325770175901e-01
-7.018574654973335214e-01
-7.656888021507590736e-01
-8.145570801299619745e-01
-8.419978644473893326e-01
-8.429053455929640393e-01
-8.151652783884522080e-01
-7.613086756498326224e-01
-6.827109208097326132e-01
-5.825378450831451005e-01
-4.668218672647519440e-01
-3.399887099487912678e-01
-2.068704992880583404e-01
-7.293711363431043537e-02
5.704439787846027343e-02
1.791482165904874080e-01
2.904574267563333478e-01
3.902516985314150588e-01
4.781179098658796534e-01
5.514583777890855742e-01
6.093005790553505108e-01
6.557250004500829732e-01
6.915282329047549581e-01
7.145101633761150595e-01
7.269070033583098223e-01
7.279072064562441824e-01
7.152377427454119641e-01
6.886502132614218397e-01
6.451911238470842136e-01
5.808544640709527584e-01
4.913789842632603211e-01
3.707317632852031863e-01
2.119861405152185796e-01
5.683004456731310938e-03
-2.609656826491146830e-01
-6.008487198465459755e-01
-1.031798373456908280e+00
-1.575326656966989702e+00
-2.255479200515825511e+00
-3.096627134910178825e+00
-4.117162547055521316e+00
-5.297560868549883395e+00
-6.450373257691067508e+00
-6.904599528099684136e+00
-5.368288370999337644e+00
-1.538582125402868428e+00
2.332771857827992790e+00
3.984165632547034264e+00
3.282139429925674534e+00
9.268481259765337654e-01
-2.311827175351924168e+00
-5.191690519745087329e+00
-5.958389881329308579e+00
-3.949385310776076352e+00
-1.443836581290632637e+00
-7.304297361175784431e-01
-1.167865078728767436e+00
-1.429848805932656397e+00
-1.305025858651118309e+00
-1.114131755986101258e+00
-9.756343209600433219e-01
-8.625702890220598995e-01
-7.552823566878337225e-01
-6.530422154641017940e-01
-5.599108406424373463e-01
-4.747698061818229620e-01
-3.987229838176340468e-01
-3.317450546233958741e-01
-2.730220992195659946e-01
-2.227062555492203000e-01
-1.797176637437463143e-01
-1.436983142759439280e-01
-1.136952568301459188e-01
-8.911363154536056097e-02
-6.912640789432944466e-02
-5.311185826444098090e-02
-4.039123068943228922e-02
-3.042161780483643163e-02
-2.268083951322230618e-02
-1.674564693329871901e-02
-1.223918000913681858e-02
-8.858148536711518695e-03
-6.346864883565284110e-03
-4.502968841399668243e-03
-3.162843700819761850e-03
-2.199717240048304490e-03
-1.514626503215321662e-03
-1.032630239949705597e-03
-6.970138564232897238e-04
-4.658354500686190391e-04
-3.082383712277314558e-04
-2.019439873881534453e-04
-1.309908830011696779e-04
-8.412747955077737316e-05
-5.349395774811860349e-05
-3.367873625315098707e-05
-2.099321986304136800e-05
-1.295642020215925783e-05
-9.851507255520530748e-06
