-5.613873460184564124e-01
-5.988639262378860906e-01
-6.741742009637299304e-01
-7.470303868215673049e-01
-8.104124607719782603e-01
-8.563312669779676867e-01
-8.782932800522189609e-01
-8.706808220362418638e-01
-8.325856447215223000e-01
-7.659321994463681449e-01
-6.721316116089859349e-01
-5.567835856264160554e-01
-4.254611610158995916e-01
-2.831787146905107022e-01
-1.363522561254555399e-01
9.026285343804119066e-03
1.477318170196078029e-01
2.755665797973314568e-01
3.902414963982003826e-01
4.917448223391929218e-01
5.776147529565918148e-01
6.452097021668379284e-01
6.984239568085683914e-01
7.390145514086157164e-01
7.654127660518028620e-01
7.799401556503653410e-01
7.823803565306199914e-01
7.712569957414565636e-01
7.463131767935848870e-01
7.051022359062244504e-01
6.448723184176579082e-01
5.613347236726582423e-01
4.488142470668350370e-01
3.007006576336657133e-01
1.088468844650307688e-01
-1.379311633479538557e-01
-4.541317410736205318e-01
-8.545761331129959615e-01
-1.359596451553919394e+00
-1.993518077462674398e+00
-2.781248516892649292e+00
-3.742803908233852894e+00
-4.876041944120984795e+00
-6.074698034922910495e+00
-6.878362282616915735e+00
-6.180704820318542403e+00
-3.037191999372778284e+00
1.217072150525357443e+00
3.949952716995476010e+00
4.154352739623604407e+00
2.339690705482608379e+00
-7.674505176318966448e-01
-4.220013939524761781e+00
-6.385146970957261914e+00
-5.604659303894542255e+00
-2.663827181534898614e+00
-7.487304101292462377e-01
-8.838255776909882400e-01
-1.452054820158987347e+00
-1.502171521778401075e+00
-1.270977940264221395e+00
-1.093311659073386455e+00
-9.748473775450881007e-01
-8.634365335549230025e-01
-7.554949223679880976e-01
-6.534050704404155141e-01
-5.598427161420651554e-01
-4.748036966593266461e-01
-3.987901114897125510e-01
-3.317130365933150804e-01
-2.730535573729809817e-01
-2.226950921180895770e-01
-1.797340410232980412e-01
-1.436926833659711855e-01
-1.137039818099129240e-01
-8.911088083069929056e-02
-6.913083360070437777e-02
-5.311063302706231504e-02
-4.039335509801533775e-02
-3.042112649252759482e-02
-2.268180932826302509e-02
-1.674547215434918357e-02
-1.223960357681896927e-02
-8.858095532075060952e-03
-6.347042745421305199e-03
-4.502956841557881340e-03
-3.162915768911145342e-03
-2.199716614983415752e-03
-1.514654748530075423e-03
-1.032631646351700461e-03
-6.970245782265127588e-04
-4.658365929348651235e-04
-3.082423142209966826e-04
-2.019446207334185672e-04
-1.309922862754442363e-04
-8.412777587818442981e-05
-5.349443926627728274e-05
-3.367886052418889165e-05
-2.099337755478991596e-05
-1.295646784449377975e-05
-9.851569706897933543e-06
