-6.009332810956991011e-01
-6.402295931629460313e-01
-7.182854777684859471e-01
-7.918965326445857045e-01
-8.535513903425737681e-01
-8.953238018913047824e-01
-9.100606281183551971e-01
-8.924931476182180745e-01
-8.425729451493104705e-01
-7.611876169076268184e-01
-6.513734052131816554e-01
-5.198909076388744666e-01
-3.720959882882795000e-01
-2.145915852292326065e-01
-5.482455744173009293e-02
1.007010865533040089e-01
2.462975957284569972e-01
3.778977691509801673e-01
4.947258191898207258e-01
5.949573134474022140e-01
6.748372045052164481e-01
7.367714179142872410e-01
7.835750225731707985e-01
8.143948596194867662e-01
8.316134960848842184e-01
8.355598504867742804e-01
8.258251704291694750e-01
8.021332161233303282e-01
7.624461080270847901e-01
7.051892089071181147e-01
6.263589871499810613e-01
5.209577380203391783e-01
3.827965623247315818e-01
2.038036279284050067e-01
-2.533058644202057508e-02
-3.176504213361077689e-01
-6.897110016069127880e-01
-1.158159976508454037e+00
-1.746206875334578967e+00
-2.479132360381505862e+00
-3.380784020709928228e+00
-4.458627093534037300e+00
-5.652805884121075763e+00
-6.670066695318718430e+00
-6.659167928050070628e+00
-4.417676674268747661e+00
-2.506960223345569005e-01
3.393769625746037022e+00
4.676582117640053937e+00
3.623490350225516465e+00
9.054624484258759765e-01
-2.701537198025727449e+00
-5.892142741833657382e+00
-6.795840461730675131e+00
-4.529276589476765480e+00
-1.478177292327413461e+00
-5.641422500050126132e-01
-1.233054057852637442e+00
-1.655282365131883537e+00
-1.480871753931290336e+00
-1.227587558307111859e+00
-1.085855035381729561e+00
-9.773411328508849749e-01
-8.641159355544290044e-01
-7.552217652507704493e-01
-6.539191242709345708e-01
-5.594051768675079028e-01
-4.748925496483117348e-01
-3.989010897126201716e-01
-3.315199952354953572e-01
-2.731677136490238134e-01
-2.226071957630495479e-01
-1.797859003636822495e-01
-1.436536844876016294e-01
-1.137268799852817480e-01
-8.909407045952355553e-02
-6.914061848727903747e-02
-5.310361534821339546e-02
-4.039739259024666129e-02
-3.041829246856009306e-02
-2.268341565138431992e-02
-1.674436511100096947e-02
-1.224021891799353945e-02
-8.857677000642993903e-03
-6.347269313468961727e-03
-4.502803522576925843e-03
-3.162995751850417037e-03
-2.199662097163601615e-03
-1.514681717834642782e-03
-1.032612783235187237e-03
-6.970332117078870127e-04
-4.658302229416655393e-04
-3.082449107252305254e-04
-2.019425143489073093e-04
-1.309930049367968863e-04
-8.412709208849289411e-05
-5.349461343073791397e-05
-3.367864263126296720e-05
-2.099340847538933019e-05
-1.295640013787568989e-05
-9.851571478147747030e-06
