-6.421439103578165941e-01
-6.828304502232533935e-01
-7.626536054003558718e-01
-8.358235777283802292e-01
-8.945049858781146668e-01
-9.306390666223052222e-01
-9.365447093402572420e-01
-9.078381820648075973e-01
-8.440910837068038575e-01
-7.463592615254484031e-01
-6.199824046614494932e-01
-4.714061735485692850e-01
-3.068861430395131151e-01
-1.348497689782064413e-01
3.666008693470956814e-02
2.005308233084228675e-01
3.508223127426042254e-01
4.848048527604618130e-01
6.012122493395217759e-01
6.959740830346561324e-01
7.690377802613319602e-01
8.239432452274861873e-01
8.606708129436633214e-01
8.815442253244185622e-01
8.875092895845035912e-01
8.791168530396262781e-01
8.564927090333753767e-01
8.178736512594575458e-01
7.625419266527231343e-01
6.871696636604553987e-01
5.875143272659180127e-01
4.578653798887195592e-01
2.908299659013486860e-01
7.731881896089376482e-02
-1.937193065449100970e-01
-5.370129099458544886e-01
-9.716706808936663720e-01
-1.516632608365629409e+00
-2.195820661878528313e+00
-3.036033820433889474e+00
-4.052308097775036089e+00
-5.216076452327151003e+00
-6.341721012350134856e+00
-6.825687238005274438e+00
-5.516047417504323036e+00
-1.882529891057563631e+00
2.343618434177470178e+00
4.739048944426528465e+00
4.626461221421124037e+00
2.531276898619697846e+00
-8.791986852411177722e-01
-4.621738244495563919e+00
-7.022365699651846427e+00
-6.363289894182997841e+00
-3.154393194550797475e+00
-7.409095694318326153e-01
-7.756795145386581325e-01
-1.580596396577739426e+00
-1.722057108732612640e+00
-1.412374486289510234e+00
-1.199075248158382845e+00
-1.088914507405577492e+00
-9.792355220065460664e-01
-8.643384643812144219e-01
-7.551708424563063904e-01
-6.535925102871900094e-01
-5.594290426218446743e-01
-4.748588079684319396e-01
-3.988332668924923219e-01
-3.315355397607708809e-01
-2.731435255137710794e-01
-2.226110741551980965e-01
-1.797739280462656852e-01
-1.436566377084049773e-01
-1.137205419839381060e-01
-8.909597724346862702e-02
-6.913742099969577559e-02
-5.310464152821781081e-02
-4.039587611087880337e-02
-3.041877588522234888e-02
-2.268273566125755814e-02
-1.674456977110161393e-02
-1.223992819594699188e-02
-8.857755589887439385e-03
-6.347149855200684421e-03
-4.502830735800933404e-03
-3.162948247221630815e-03
-2.199670355775174002e-03
-1.514663326521836773e-03
-1.032614791106056806e-03
-6.970262461473142324e-04
-4.658304691093073657e-04
-3.082423206635098722e-04
-2.019423975079259748e-04
-1.309920576554324256e-04
-8.412696977810885102e-05
-5.349427277412388548e-05
-3.367856957448012167e-05
-2.099328839388903134e-05
-1.295636381259956948e-05
-9.851519316539381066e-06
