-6.845982259412011217e-01
-7.261867763520619690e-01
-8.066972902281257518e-01
-8.781868270747530403e-01
-9.325102343779576586e-01
-9.614401417062303778e-01
-9.571154459079025401e-01
-9.156500435947485528e-01
-8.362814815489265641e-01
-7.213203328574984141e-01
-5.774627234975540091e-01
-4.111245606641560357e-01
-2.303898719510115711e-01
-4.490400609604350279e-02
1.366394691600874012e-01
3.065757335209582379e-01
4.595889177383334356e-01
5.940690825492751515e-01
7.061009469820618278e-01
7.930828237757658883e-01
8.584696830151337110e-01
9.029942052605761660e-01
9.290209771209099188e-01
9.379912728142514311e-01
9.312496311107132385e-01
9.096209826007601862e-01
8.718643062950235390e-01
8.177254701877032517e-01
7.446461333861762455e-01
6.493514247710052700e-01
5.266238549493849064e-01
3.699739093756768682e-01
1.708577421474828384e-01
-8.149605148109984043e-02
-3.996476267404069915e-01
-8.002254918835696174e-01
-1.304592893824253252e+00
-1.933949582349544727e+00
-2.714078695611910064e+00
-3.664949131254331860e+00
-4.780054032740245873e+00
-5.947410988734109338e+00
-6.751969261055419835e+00
-6.248338009929192083e+00
-3.450081786877918333e+00
8.761045605973549755e-01
4.291144265807547598e+00
5.264226965879188924e+00
3.952528576445155650e+00
1.008105628024402733e+00
-2.835552799504412747e+00
-6.253317026802328371e+00
-7.412056629359254245e+00
-5.296067579232080824e+00
-1.904677101122583593e+00
-5.112422242800676031e-01
-1.180354428158500113e+00
-1.820398219950559060e+00
-1.677006620432766937e+00
-1.344767031721865624e+00
-1.192301900733142794e+00
-1.095462113717581953e+00
-9.801425888288433086e-01
-8.642319971024643444e-01
-7.553012952851472228e-01
-6.530677694873645578e-01
-5.597696128462783527e-01
-4.747490838842067795e-01
-3.987277298946041437e-01
-3.316832051719700303e-01
-2.730430525911392570e-01
-2.226789202184846772e-01
-1.797282621008193804e-01
-1.436871297143984538e-01
-1.137003235690428049e-01
-8.910927086898901006e-02
-6.912875377557803347e-02
-5.311023723554830767e-02
-4.039228425434859826e-02
-3.042104481902296875e-02
-2.268129617625114225e-02
-1.674545438541930054e-02
-1.223936957999638420e-02
-8.858086480048044109e-03
-6.346939511588267635e-03
-4.502949092406005605e-03
-3.162871178789106175e-03
-2.199710634259943731e-03
-1.514635751853843360e-03
-1.032627724302015437e-03
-6.970165708827247286e-04
-4.658343296950473444e-04
-3.082389767746773757e-04
-2.019434369873174262e-04
-1.309909150539745326e-04
-8.412720331085754566e-05
-5.349388610742522587e-05
-3.367860051839421942e-05
-2.099315904247056608e-05
-1.295635530351724185e-05
-9.851465158083883011e-06
