-7.278268606542255270e-01
-7.697775842982395034e-01
-8.498316784172352811e-01
-9.183003720779652213e-01
-9.668691579642896272e-01
-9.870046581978897393e-01
-9.709494039722805780e-01
-9.149919523059715232e-01
-8.185763873118183653e-01
-6.856888830695453407e-01
-5.235288695212290122e-01
-3.394242353303553728e-01
-1.434692990692987280e-01
5.389150144550924892e-02
2.432195946314550383e-01
4.167814825108955290e-01
5.710718496687512413e-01
7.023850041361932028e-01
8.063044554959724053e-01
8.850750106245115489e-01
9.397320103632011978e-01
9.728333980609740195e-01
9.864031358649221204e-01
9.820596681410016515e-01
9.616525050701945077e-01
9.247074642891561780e-01
8.713846063362495897e-01
7.996939947908217050e-01
7.074352365749767557e-01
5.901295648776709868e-01
4.420955098417067575e-01
2.553787183925280146e-01
2.023579997979041423e-02
-2.757987992855639447e-01
-6.469250293328059342e-01
-1.111650736987286336e+00
-1.693800286127171262e+00
-2.416102542028017552e+00
-3.301837502744440656e+00
-4.356578788053795392e+00
-5.520062820952659877e+00
-6.518194281919313937e+00
-6.626617924331821285e+00
-4.761499739413501686e+00
-8.010376441476001474e-01
3.312422304987705957e+00
5.432730947557255163e+00
5.075023055819965379e+00
2.780403231121400864e+00
-8.048762192261627035e-01
-4.728017238393341870e+00
-7.352075778544255868e+00
-7.060411539795596880e+00
-3.970324857878478220e+00
-1.065363366179354010e+00
-6.776941271499268282e-01
-1.580775588444567781e+00
-1.905349998236259168e+00
-1.578348055588589816e+00
-1.303505322307946024e+00
-1.200191140327523609e+00
-1.099971761520951663e+00
-9.801171106026371760e-01
-8.638091067927473610e-01
-7.552029107031485999e-01
-6.530173257514206853e-01
-5.598184105544894429e-01
-4.746871796674964061e-01
-3.987173293316471634e-01
-3.317060903963919838e-01
-2.730132896597778913e-01
-2.226932468600920645e-01
-1.797153502064912090e-01
-1.436929030898620452e-01
-1.136953743529008909e-01
-8.911136640834971256e-02
-6.912697473569429096e-02
-5.311095065882454058e-02
-4.039167351813799378e-02
-3.042127485277523746e-02
-2.268109379596461306e-02
-1.674552419467734143e-02
-1.223930409620721527e-02
-8.858105828722706576e-03
-6.346918442841964492e-03
-4.502953543596532882e-03
-3.162864238963725150e-03
-2.199711146926852656e-03
-1.514633323582148527e-03
-1.032627439511490941e-03
-6.970156439335406517e-04
-4.658340288368201243e-04
-3.082385924801922528e-04
-2.019432475709459496e-04
-1.309907475045557490e-04
-8.412710332350581410e-05
-5.349381198616054434e-05
-3.367855255176355200e-05
-2.099312646997031351e-05
-1.295633356823699955e-05
-9.851448037334620267e-06
