-7.712883686123603866e-01
-8.130297251224476440e-01
-8.913799324663003176e-01
-9.554538223915933770e-01
-9.968082607479367141e-01
-1.006548208623840424e+00
-9.772429956829817854e-01
-9.051128370146201974e-01
-7.904930132458218850e-01
-6.390671515479127152e-01
-4.582576087459706571e-01
-2.570485546819014644e-01
-4.730345784620482164e-02
1.598018698836760620e-01
3.542798867554139974e-01
5.298292180951236219e-01
6.822216035091841491e-01
8.058681972498220603e-01
9.011939533724770968e-01
9.689874006814953589e-01
1.011423397902436960e+00
1.031423435257071475e+00
1.031048772689665327e+00
1.012536104818281046e+00
9.766180284428713776e-01
9.239356170100450072e-01
8.531119978386847436e-01
7.627981555080403098e-01
6.494652092424040291e-01
5.080074573195609844e-01
3.314777108089792534e-01
1.113175180193266556e-01
-1.639189457507939096e-01
-5.086439844930410459e-01
-9.388328151188360948e-01
-1.475497831168986806e+00
-2.143269309405532397e+00
-2.965809175732072589e+00
-3.956035518685496299e+00
-5.085174979764282455e+00
-6.181469936899762985e+00
-6.721957492724465411e+00
-5.719298963399575442e+00
-2.474516614985743601e+00
1.909606684059665938e+00
5.086235398853780509e+00
5.807559501905995347e+00
4.316738878028893112e+00
1.226881164958058434e+00
-2.742473001367141450e+00
-6.313617962452473975e+00
-7.792585862052229473e+00
-6.155491636971825997e+00
-2.732771086782813441e+00
-7.112122811519965282e-01
-1.053759213386237015e+00
-1.858412656787398198e+00
-1.861880243016512004e+00
-1.482447034555661958e+00
-1.293762309526531595e+00
-1.212948081287776425e+00
-1.101665005411969211e+00
-9.797834424784701568e-01
-8.636705225921339490e-01
-7.551708727307862024e-01
-6.533534471713935421e-01
-5.596803005215422733e-01
-4.747579862092995429e-01
-3.987929931860305643e-01
-3.316469613919578174e-01
-2.730687801969426953e-01
-2.226683897540482349e-01
-1.797412708224256361e-01
-1.436819339507449111e-01
-1.137074143049564556e-01
-8.910665337030643229e-02
-6.913240533676578981e-02
-5.310901460641037630e-02
-4.039403722442269640e-02
-3.042051817596147512e-02
-2.268208483856581914e-02
-1.674524294488843879e-02
-1.223970398998186493e-02
-8.858006211533431262e-03
-6.347073531676739044e-03
-4.502919748855194193e-03
-3.162921918224648188e-03
-2.199700049632768994e-03
-1.514653818523559181e-03
-1.032623843024493837e-03
-6.970225596260037904e-04
-4.658328432446401379e-04
-3.082407858271407619e-04
-2.019428359461006295e-04
-1.309913885103597408e-04
-8.412694940684861677e-05
-5.349397670362243673e-05
-3.367849073376838476e-05
-2.099315806114443461e-05
-1.295630730757668658e-05
-9.851450643916237482e-06
