-8.143981844685370675e-01
-8.553073365415073681e-01
-9.306384132037557322e-01
-9.888964994155777788e-01
-1.021490685775649609e+00
-1.019275404557856035e+00
-9.751045758896381699e-01
-8.854060080688803680e-01
-7.518544558367850073e-01
-5.813218942255637955e-01
-3.820209354961363601e-01
-1.650146317748024671e-01
5.656095636311064823e-02
2.707726971898161139e-01
4.682227777912508770e-01
6.432028677881724832e-01
7.892184190431628110e-01
9.039353443405033772e-01
9.879735131008828830e-01
1.042902676784759564e+00
1.071546857549115828e+00
1.077097004431443850e+00
1.061831397331101101e+00
1.027583649893301754e+00
9.756648699394254720e-01
9.054416966850062920e-01
8.163575610686386597e-01
7.056041038754656824e-01
5.690894539390818352e-01
4.007985726961074135e-01
1.930872900007898352e-01
-6.435178018234211095e-02
-3.844869257595000533e-01
-7.837931048462465355e-01
-1.279843460142352285e+00
-1.895885783507086586e+00
-2.657964425572146183e+00
-3.582247374247028660e+00
-4.661167713406840107e+00
-5.789774245951214482e+00
-6.608117263222858639e+00
-6.313368100959680262e+00
-3.945303223150716576e+00
2.525393635000341419e-01
4.224382866270662618e+00
6.080622004041634554e+00
5.527498161426215972e+00
3.100010535613371587e+00
-5.785210676242478200e-01
-4.586346472623691994e+00
-7.409535535766339720e+00
-7.596615251447358830e+00
-4.996119844756208295e+00
-1.822967847721219670e+00
-7.430150169032696539e-01
-1.458924967606817447e+00
-1.983274676585244478e+00
-1.751847995477568531e+00
-1.421671581000576445e+00
-1.306339913208591330e+00
-1.223260205940414735e+00
-1.101479039282204919e+00
-9.795331557272581868e-01
-8.638387326763683483e-01
-7.552475504568210152e-01
-6.536373585854482471e-01
-5.595629929159053884e-01
-4.748604522172610309e-01
-3.988560300032746309e-01
-3.315987151195296523e-01
-2.731305399120054211e-01
-2.226460602579094505e-01
-1.797707238682336728e-01
-1.436730324437291983e-01
-1.137209525558329215e-01
-8.910340338159861151e-02
-6.913846262085221461e-02
-5.310794506738125698e-02
-4.039667805235203080e-02
-3.042021747585843539e-02
-2.268320551277613895e-02
-1.674518263855950817e-02
-1.224016600005495281e-02
-8.858007164955883361e-03
-6.347258123518551010e-03
-4.502929450882597884e-03
-3.162993197359242892e-03
-2.199706943933565917e-03
-1.514680333357443232e-03
-1.032627389361273629e-03
-6.970320223821380168e-04
-4.658343840050482854e-04
-3.082440074231307392e-04
-2.019434248591300829e-04
-1.309924250875171836e-04
-8.412714779326702086e-05
-5.349428603218520095e-05
-3.367854714109164149e-05
-2.099323945070619146e-05
-1.295631810294128883e-05
-9.851473627087159457e-06
