-8.565185683693314900e-01
-8.959392194597057824e-01
-9.668790206861714864e-01
-1.017834880178259738e+00
-1.040103371400626031e+00
-1.024349699948892578e+00
-9.637979970618708592e-01
-8.554972728345298094e-01
-7.024294871593212974e-01
-5.126097260749595819e-01
-2.956652699538118156e-01
-6.467940166977470540e-02
1.662137883041943098e-01
3.848810939228108907e-01
5.831551211492609355e-01
7.534260603469427053e-01
8.904585367797288598e-01
9.939148177065924017e-01
1.064676379058536071e+00
1.104976883303915969e+00
1.118730909144399988e+00
1.108537374877748505e+00
1.077233035537055628e+00
1.026619748723955894e+00
9.570627977948262810e-01
8.687456630009720016e-01
7.596235623295690687e-01
6.265972608568901592e-01
4.647256521935574369e-01
2.672074862476137014e-01
2.466335239381223232e-02
-2.745579756572205099e-01
-6.447082362755445217e-01
-1.105046852774947297e+00
-1.675015237960518988e+00
-2.377130638338005753e+00
-3.237579136309999939e+00
-4.257921853014916991e+00
-5.377210222266771922e+00
-6.357114826658339268e+00
-6.587912013241574272e+00
-5.094897661405708433e+00
-1.459075880062863817e+00
2.923138821202059034e+00
5.849709436742434931e+00
6.350268458245450276e+00
4.712898301241228438e+00
1.541667957070707473e+00
-2.466412965376377997e+00
-6.133548365671519065e+00
-7.929835666875927558e+00
-6.932955231137293950e+00
-3.876337837646637752e+00
-1.318011925823421748e+00
-1.000950791984985599e+00
-1.767957360813459111e+00
-1.973957451927906170e+00
-1.638720358510775021e+00
-1.402004109621476147e+00
-1.327134020140111836e+00
-1.228125573612337984e+00
-1.100439833650792121e+00
-9.794569760896965072e-01
-8.640389200228506539e-01
-7.553535332304670558e-01
-6.537035231205035046e-01
-5.595668321680331569e-01
-4.749233917696499274e-01
-3.988773255115893868e-01
-3.316072671117299420e-01
-2.731568149640092313e-01
-2.226499700288092631e-01
-1.797848307667903045e-01
-1.436762708689161006e-01
-1.137279609074839382e-01
-8.910564358926487127e-02
-6.914184326305061745e-02
-5.310928542983128775e-02
-4.039827135838203187e-02
-3.042094211833823447e-02
-2.268393704468207872e-02
-1.674554527449001462e-02
-1.224049166208462935e-02
-8.858177332695005290e-03
-6.347398087101718822e-03
-4.503004840969992983e-03
-3.163051057471166772e-03
-2.199738582255639230e-03
-1.514703264265282456e-03
-1.032639977942895193e-03
-6.970407047894866537e-04
-4.658391278014040182e-04
-3.082471344203474573e-04
-2.019451116814785507e-04
-1.309934888390484886e-04
-8.412770892030074776e-05
-5.349462300452412222e-05
-3.367871796811083840e-05
-2.099333515881429690e-05
-1.295636244069697796e-05
-9.851503857127852370e-06
