-8.969872279516764024e-01
-9.342203539342790464e-01
-9.993212773337560861e-01
-1.041452607032070432e+00
-1.051807357060155823e+00
-1.021013535190956389e+00
-9.427635002300718270e-01
-8.150377752040647295e-01
-6.421462611574746404e-01
-4.334486539765940449e-01
-2.003607657779795659e-01
4.226941245653392798e-02
2.796567071090265699e-01
5.006544673407908874e-01
6.959691293228118525e-01
8.578251647532368906e-01
9.839080554082251240e-01
1.073868552533578935e+00
1.129303502400023973e+00
1.154167627671373708e+00
1.151310711209458049e+00
1.124678343429884819e+00
1.076476189004324624e+00
1.008093296668793215e+00
9.204562321602303143e-01
8.123300923387297701e-01
6.816889467690216975e-01
5.245936405431592675e-01
3.352047425580089168e-01
1.050216613734349380e-01
-1.766592798842481216e-01
-5.223459407656783071e-01
-9.486951654436346359e-01
-1.476291516617042276e+00
-2.127112134349992800e+00
-2.922633086975412908e+00
-3.879767260848385746e+00
-4.965733362757443814e+00
-6.024976417862614397e+00
-6.617391007728938845e+00
-5.888573385388339076e+00
-3.036298763986998495e+00
1.332433822120183464e+00
5.119394184997306141e+00
6.719324352973091052e+00
5.999899864118731330e+00
3.486995014393183823e+00
-2.234419594440879564e-01
-4.252020096051118969e+00
-7.242726005844918546e+00
-7.915326760040651166e+00
-6.031725927871615767e+00
-2.978672151509179855e+00
-1.167823753524720232e+00
-1.336334753583146906e+00
-1.934540483067449301e+00
-1.889421842552653885e+00
-1.562440476635331699e+00
-1.413115556605569978e+00
-1.345384413640257737e+00
-1.228424550469700893e+00
-1.099557427546013155e+00
-9.796218857156149262e-01
-8.642943433474519210e-01
-7.555469869596465049e-01
-6.536265742960791769e-01
-5.597520687804673489e-01
-4.749526532993391115e-01
-3.988886827438113958e-01
-3.316874302070882408e-01
-2.731523016938528503e-01
-2.226900990142764991e-01
-1.797855153846011911e-01
-1.436964611861123453e-01
-1.137295659434435224e-01
-8.911558141558251211e-02
-6.914320053922140552e-02
-5.311403600334563269e-02
-4.039917130840731119e-02
-3.042314198538442760e-02
-2.268446015626490730e-02
-1.674653085146760034e-02
-1.224076871136103861e-02
-8.858604114969637067e-03
-6.347534226912809885e-03
-4.503183285691658710e-03
-3.163113746221135614e-03
-2.199810538324298292e-03
-1.514730470935643503e-03
-1.032667920057184219e-03
-6.970518694086047518e-04
-4.658495565873499444e-04
-3.082514718785178687e-04
-2.019488417894788057e-04
-1.309950824239791700e-04
-8.412898068721474942e-05
-5.349517362029931888e-05
-3.367912630536373797e-05
-2.099351090878442960e-05
-1.295648168875285222e-05
-9.851569245933333718e-06
