-9.350787477112163515e-01
-9.693948656523367902e-01
-1.027168542194488055e+00
-1.058979384086622844e+00
-1.055810445383436047e+00
-1.008597942953105786e+00
-9.115607033966490746e-01
-7.638026730428002509e-01
-5.712537301214730689e-01
-3.447213058735343338e-01
-9.758994969680756526e-02
1.539093141277341203e-01
3.953824437816386705e-01
6.153157383838347982e-01
8.033944131973811409e-01
9.549342437308077081e-01
1.067448611520539714e+00
1.141683455814806791e+00
1.181056271740413166e+00
1.188433402971373454e+00
1.168648466502720140e+00
1.124434591659170479e+00
1.058281344467175700e+00
9.716560121897899194e-01
8.643277338923454067e-01
7.352395422217448129e-01
5.816039346382488873e-01
3.982955368752634229e-01
1.780062839936853436e-01
-8.838724408557396828e-02
-4.134899800695386318e-01
-8.108441140282813819e-01
-1.299852126584180922e+00
-1.902682452167788085e+00
-2.640016421338408747e+00
-3.531298538308877966e+00
-4.568014459180538722e+00
-5.651743942062303461e+00
-6.474693186262186373e+00
-6.349294336711205133e+00
-4.346859125931709755e+00
-3.692656613553069178e-01
3.955084065882592981e+00
6.608716416650617376e+00
6.899289304800351630e+00
5.159956094262337700e+00
1.952235063975745533e+00
-2.047129819490148606e+00
-5.765576053813848745e+00
-7.853433737805339376e+00
-7.504574222398264993e+00
-5.109211307552714132e+00
-2.393724584211195605e+00
-1.261995669391058783e+00
-1.624946114232471928e+00
-1.978134376245805015e+00
-1.789478322608230698e+00
-1.529824401555161195e+00
-1.437527841471034407e+00
-1.355503582162761678e+00
-1.226039254022729619e+00
-1.099028563951227166e+00
-9.798391615403283517e-01
-8.644673460753882210e-01
-7.556833994169378510e-01
-6.535593968021065070e-01
-5.599493030357785006e-01
-4.749586901924071070e-01
-3.989129264018664855e-01
-3.317672009057947013e-01
-2.731457751665796740e-01
-2.227335066740460112e-01
-1.797855462705694185e-01
-1.437185245642508269e-01
-1.137313293482605792e-01
-8.912645044676625883e-02
-6.914486229311433974e-02
-5.311924012443969279e-02
-4.040030426535801134e-02
-3.042556146264452366e-02
-2.268512234151309759e-02
-1.674762117842576448e-02
-1.224111864578336650e-02
-8.859079531661095963e-03
-6.347705375859824528e-03
-4.503383518047243683e-03
-3.163192151613536396e-03
-2.199891861931257964e-03
-1.514764336619345286e-03
-1.032699715289409070e-03
-6.970657096334598180e-04
-4.658614982412379035e-04
-3.082568306604915875e-04
-2.019531375184735467e-04
-1.309970460018350380e-04
-8.413045293464982421e-05
-5.349585073943785574e-05
-3.367960129230240796e-05
-2.099372677277777655e-05
-1.295662106604034136e-05
-9.851649540815188288e-06
