-9.700230134624590050e-01
-1.000671281423219483e+00
-1.049626269263765010e+00
-1.069561224434870894e+00
-1.051375860371447146e+00
-9.865059037801913178e-01
-8.698576675650500079e-01
-7.019110253379139408e-01
-4.903290431500266777e-01
-2.476344390478111279e-01
1.090704218011850912e-02
2.686024935095687738e-01
5.110432034390584022e-01
7.256636612566929045e-01
9.042293167666599629e-01
1.042309687944808161e+00
1.139070696927351634e+00
1.196368124206319550e+00
1.217660488520575512e+00
1.207504919330482096e+00
1.169331298986804768e+00
1.106895660157768191e+00
1.022171632708413824e+00
9.158938078499865298e-01
7.879447239824521887e-01
6.366919361290754864e-01
4.577899520528916355e-01
2.451271467538944648e-01
-8.817567989808594575e-03
-3.154737377647123253e-01
-6.887647976613955336e-01
-1.143870100298030934e+00
-1.702133960007781610e+00
-2.386622882211273833e+00
-3.215641653122606414e+00
-4.192990523104711542e+00
-5.265644770654635209e+00
-6.220920706206715778e+00
-6.537379290834717693e+00
-5.328306281989776849e+00
-2.005163291387839664e+00
2.471643171974484687e+00
6.031492027721702343e+00
7.377296948580260860e+00
6.502622933161450902e+00
3.931632658467851371e+00
2.400095287540544575e-01
-3.773043851415284422e+00
-6.895747574196416707e+00
-8.013190710315745591e+00
-6.871261922861899407e+00
-4.329787079273566874e+00
-2.113387186279521046e+00
-1.468745690366487722e+00
-1.814556851654729464e+00
-1.944233235713244135e+00
-1.710237137029854360e+00
-1.530182652878580463e+00
-1.460701440266385376e+00
-1.357539453601395607e+00
-1.223142013789245475e+00
-1.098944024337748626e+00
-9.801667844609629476e-01
-8.645458449128962108e-01
-7.557826535205969254e-01
-6.537346482485779653e-01
-5.600286530278368868e-01
-4.750273920559028307e-01
-3.989884349057162272e-01
-3.318022048724927897e-01
-2.731832692740520097e-01
-2.227573566503436853e-01
-1.798066470984032161e-01
-1.437320987112473691e-01
-1.137430028394837978e-01
-8.913377513430420507e-02
-6.915105578398039743e-02
-5.312304143158097514e-02
-4.040344517956628856e-02
-3.042746010286900837e-02
-2.268664567551448297e-02
-1.674853236062567863e-02
-1.224182590575850771e-02
-8.859499038030183016e-03
-6.348019930822013102e-03
-4.503568586949224795e-03
-3.163326193015625343e-03
-2.199970021607433601e-03
-1.514819048825444270e-03
-1.032731284439813990e-03
-6.970870826972230816e-04
-4.658736766126603257e-04
-3.082648081196293077e-04
-2.019576142190393497e-04
-1.309998815801627359e-04
-8.413201355184085628e-05
-5.349680346022900324e-05
-3.368011121107628014e-05
-2.099402337940592389e-05
-1.295677185109145313e-05
-9.851757618584144893e-06
