-1.001271620427175435e+00
-1.027497345364750458e+00
-1.066099774165845560e+00
-1.072618417476785879e+00
-1.038047812423720018e+00
-9.544756601828119358e-01
-8.177513513739889106e-01
-6.299259223614193104e-01
-4.005037115284437732e-01
-1.439162982276798175e-01
1.231963403458067319e-01
3.840530076056190012e-01
6.234784139894102850e-01
8.297070016882521770e-01
9.956252805942433781e-01
1.118050838525309842e+00
1.196993684929040569e+00
1.235960392386637352e+00
1.238761976240741802e+00
1.209455154012495370e+00
1.152678221048805796e+00
1.071191087328990932e+00
9.667918412111546900e-01
8.400377888955326000e-01
6.905060510514040573e-01
5.147814388724363255e-01
3.079237556456604352e-01
6.376173153168451790e-02
-2.274235782334272926e-01
-5.794306841927010510e-01
-1.005512810384178835e+00
-1.524614549699339960e+00
-2.159529312213514629e+00
-2.930755960156524509e+00
-3.847815790307802075e+00
-4.884865424286481073e+00
-5.904467412994513609e+00
-6.521864336949647623e+00
-5.981056942573506063e+00
-3.438447383760060205e+00
8.292602929150465485e-01
5.029031188940880526e+00
7.406691156956297206e+00
7.476023519601746159e+00
5.636425593555735247e+00
2.436035207814597925e+00
-1.516893122610269984e+00
-5.262224230798182134e+00
-7.602333691653864634e+00
-7.827569387834252268e+00
-6.189815503852608813e+00
-3.780991718203249974e+00
-2.061069246869898564e+00
-1.685979061302703030e+00
-1.904885493288128728e+00
-1.879006495888237538e+00
-1.664833305774117811e+00
-1.547324187388382732e+00
-1.475865150051830277e+00
-1.355050489816583159e+00
-1.221481329211449918e+00
-1.099532716616196559e+00
-9.806995675187617501e-01
-8.647861781877548282e-01
-7.560638282528604481e-01
-6.540852530667984333e-01
-5.601266022555291269e-01
-4.751982930630329616e-01
-3.991175279384400199e-01
-3.318578703758779946e-01
-2.732658044195608316e-01
-2.227943805537618838e-01
-1.798528777446837257e-01
-1.437549125597711308e-01
-1.137682043223601225e-01
-8.914707264181853663e-02
-6.916437866867919393e-02
-5.313042110074872593e-02
-4.041026354842014445e-02
-3.043137083815139476e-02
-2.269001997603292686e-02
-1.675051491851708985e-02
-1.224343934407101653e-02
-8.860461843170464036e-03
-6.348764839832155005e-03
-4.504016979812619503e-03
-3.163658084363474288e-03
-2.200170436518433803e-03
-1.514961675235571015e-03
-1.032817299871480188e-03
-6.971461657471200724e-04
-4.659091322863906370e-04
-3.082883830795024593e-04
-2.019716468070198445e-04
-1.310089303950823236e-04
-8.413733917000953966e-05
-5.350013504745732007e-05
-3.368204181319889301e-05
-2.099519146514516876e-05
-1.295743271578775335e-05
-9.852248579189648581e-06
