-1.027591942928822277e+00
-1.048628911102451156e+00
-1.075355351750275190e+00
-1.067022020254761117e+00
-1.014882420731630930e+00
-9.118736379501513056e-01
-7.550274778518897278e-01
-5.481298746983291892e-01
-3.027370752979834378e-01
-3.490705049300046880e-02
2.378507168466867938e-01
4.981537563987608053e-01
7.308534342740315992e-01
9.256350155982957517e-01
1.076169770811421955e+00
1.180548378646626873e+00
1.240725509773191959e+00
1.259880666013195594e+00
1.243015427054032784e+00
1.194492869497516097e+00
1.118003779318652136e+00
1.016716348197178377e+00
8.917736276118581884e-01
7.437542096462266272e-01
5.704571985698443370e-01
3.679394092137329153e-01
1.313423113096519046e-01
-1.475901446410006201e-01
-4.808405205938477422e-01
-8.825318956505832091e-01
-1.368038254549080790e+00
-1.957762522945753147e+00
-2.673915595110219812e+00
-3.532087990144791689e+00
-4.522280434918197756e+00
-5.557096046085277408e+00
-6.365945256627814075e+00
-6.343141760421879383e+00
-4.589808113197268113e+00
-8.095277850392399444e-01
3.698411460801143136e+00
6.982229866435407217e+00
8.056937784157980786e+00
7.032561763356039108e+00
4.429096896894105129e+00
7.795133894950012632e-01
-3.191569838895734534e+00
-6.416156160654079343e+00
-7.916202643978159870e+00
-7.442675049511420227e+00
-5.597393324418330707e+00
-3.470446651006339422e+00
-2.139882034023081303e+00
-1.854754262433148781e+00
-1.920309630557238023e+00
-1.814165166701702248e+00
-1.648564780412972830e+00
-1.566763003692362766e+00
-1.481631447948212887e+00
-1.350933003429988233e+00
-1.220918136388165820e+00
-1.100155715756805819e+00
-9.809181705301974752e-01
-8.649673281918204282e-01
-7.562403274303775014e-01
-6.541666580105358619e-01
-5.601891874944713301e-01
-4.752616616243114933e-01
-3.991512525134071065e-01
-3.318876343805923224e-01
-2.732886535598719746e-01
-2.228110459135360655e-01
-1.798658566966458983e-01
-1.437642794392980372e-01
-1.137750876014028689e-01
-8.915207496762211914e-02
-6.916784809414810997e-02
-5.313293742918578921e-02
-4.041192253355341268e-02
-3.043255853453874504e-02
-2.269076794562274735e-02
-1.675103869041894011e-02
-1.224375463118410057e-02
-8.860676149566648618e-03
-6.348887547077186611e-03
-4.504097276731844346e-03
-3.163701211536973368e-03
-2.200197253855562529e-03
-1.514974715504879832e-03
-1.032824768602114140e-03
-6.971490892241360982e-04
-4.659104810487146864e-04
-3.082884820613251975e-04
-2.019714653778148516e-04
-1.310085255599169329e-04
-8.413698193587837437e-05
-5.349980618640781671e-05
-3.368179633245205196e-05
-2.099500203611714966e-05
-1.295729958505908996e-05
-9.852135994581345813e-06
