-1.048317336868898053e+00
-1.063389285169275666e+00
-1.076752671940599981e+00
-1.052256072520762586e+00
-9.815922697828618482e-01
-8.587597977758072432e-01
-6.821938491451113862e-01
-4.576160937342663715e-01
-1.985744560091227129e-01
7.760451129827217187e-02
3.525250119577698626e-01
6.083668589496014079e-01
8.311490779861934186e-01
1.011175205221331197e+00
1.143916776866188201e+00
1.228892984599884386e+00
1.268409482822235645e+00
1.267313103423127529e+00
1.230047776305486451e+00
1.161229387420334547e+00
1.064691100878029317e+00
9.425926615272928188e-01
7.964573928236049483e-01
6.253136433045476394e-01
4.261566498101707623e-01
1.952435929483158361e-01
-7.400344940776903968e-02
-3.915198594944797605e-01
-7.721845589127198650e-01
-1.228836639792625363e+00
-1.778903902846991514e+00
-2.445551042034388445e+00
-3.246256819566752938e+00
-4.182397339161216365e+00
-5.203542397460005020e+00
-6.121041374372094168e+00
-6.474025335225908506e+00
-5.431454841979238779e+00
-2.314269781557120709e+00
2.181726206417195613e+00
6.161147495409146302e+00
8.205383317299695278e+00
8.077656268957639440e+00
6.161725302894119238e+00
2.969093029860530919e+00
-9.183485500690693470e-01
-4.659821585945365996e+00
-7.208894176426749567e+00
-7.930003327590718243e+00
-6.994822136958656955e+00
-5.166334906826945073e+00
-3.354798727371262501e+00
-2.268044485609857830e+00
-1.957230553552118835e+00
-1.893266235745437953e+00
-1.766600659706093701e+00
-1.651033428881119036e+00
-1.581665969113060122e+00
-1.481804541371285922e+00
-1.348232704569986673e+00
-1.221787720204688732e+00
-1.101214101659546696e+00
-9.814116828662036163e-01
-8.653601889611102216e-01
-7.565645284916500124e-01
-6.544003082809952687e-01
-5.603849176924295961e-01
-4.754097453594189338e-01
-3.992669356331308705e-01
-3.319769294574536067e-01
-2.733524146511027153e-01
-2.228622810716086589e-01
-1.799021928602797527e-01
-1.437925579694361300e-01
-1.137949054057147968e-01
-8.916708801720996114e-02
-6.917822963694630900e-02
-5.314060168567114051e-02
-4.041714751124836358e-02
-3.043631942250657474e-02
-2.269329335118852597e-02
-1.675281169041886731e-02
-1.224492618532069255e-02
-8.861478710330383812e-03
-6.349408896641595135e-03
-4.504445865944894933e-03
-3.163923620157049754e-03
-2.200342421694978512e-03
-1.515065595509734742e-03
-1.032882669684376253e-03
-6.971846164995909589e-04
-4.659325656566348783e-04
-3.083017440796975706e-04
-2.019794998550095144e-04
-1.310132363367966235e-04
-8.413975566012865670e-05
-5.350138621595945665e-05
-3.368269387404865256e-05
-2.099549226208807795e-05
-1.295756207075893229e-05
-9.852313656466549219e-06
