-1.062678342246648810e+00
-1.071027723557662625e+00
-1.069625074880661941e+00
-1.027834907412433552e+00
-9.379845005441467265e-01
-7.953443397570190143e-01
-5.999826305268776139e-01
-3.596440704952286183e-01
-8.963572595349234007e-02
1.915846693602460959e-01
4.648084532686276305e-01
7.126455757733154428e-01
9.219651920943334744e-01
1.084678763804923562e+00
1.197440260951168511e+00
1.261342077337829437e+00
1.279684231066344324e+00
1.257102043211965281e+00
1.198913276254010896e+00
1.109378336489786676e+00
9.916822330853385381e-01
8.482458693679966188e-01
6.795340109224774494e-01
4.832467200452974510e-01
2.566313028354443304e-01
-5.088554372598252939e-03
-3.101544146886254794e-01
-6.723941167587916823e-01
-1.103654211985357847e+00
-1.619472673161126863e+00
-2.242859958666155507e+00
-2.989180226840893795e+00
-3.869725871922049976e+00
-4.858724481498995829e+00
-5.826978086978659377e+00
-6.435474794614988170e+00
-5.981656507492729702e+00
-3.602346361807985176e+00
6.082379666210648850e-01
5.028920255336954526e+00
7.950690660955416433e+00
8.739844213128794337e+00
7.587590693870776448e+00
4.962711176829412096e+00
1.367452633068193535e+00
-2.542738288602958363e+00
-5.843810806598511931e+00
-7.663286649868645384e+00
-7.761484150822386852e+00
-6.595381696187580189e+00
-4.914786765115454870e+00
-3.369739368214291986e+00
-2.392432134204641514e+00
-2.000436810402138832e+00
-1.850933029079152803e+00
-1.739811711013606654e+00
-1.661695887472783184e+00
-1.590548869438062951e+00
-1.480180640259323610e+00
-1.347755345420341477e+00
-1.223450566841245646e+00
-1.102287537939582229e+00
-9.819637673076191398e-01
-8.657215761709937674e-01
-7.568842832187128167e-01
-6.546941532182344314e-01
-5.605459094345173199e-01
-4.755679239601600106e-01
-3.993880701000265265e-01
-3.320515374500501160e-01
-2.734227295830004012e-01
-2.229074751487902795e-01
-1.799421904106611736e-01
-1.438185156869716819e-01
-1.138168322751901274e-01
-8.918135812224181613e-02
-6.918979210443743089e-02
-5.314811178613065845e-02
-4.042300373298990390e-02
-3.044010218653059319e-02
-2.269613969292394451e-02
-1.675463504323637665e-02
-1.224625308943649848e-02
-8.862319790340467129e-03
-6.350001985547693018e-03
-4.504817144327932787e-03
-3.164177691848402141e-03
-2.200499230578190080e-03
-1.515169848383068896e-03
-1.032946001331080943e-03
-6.972255509667402151e-04
-4.659569990053125110e-04
-3.083170982900451662e-04
-2.019884851609532461e-04
-1.310187203243939891e-04
-8.414289090941107219e-05
-5.350323781005972279e-05
-3.368372005496667043e-05
-2.099607187178165191e-05
-1.295786654242903069e-05
-9.852526116516102661e-06
