-1.069916258932188668e+00
-1.070849983802396821e+00
-1.053428315947584792e+00
-9.934325553651923713e-01
-8.840742794396660997e-01
-7.221128524172044649e-01
-5.094048466879250725e-01
-2.556708994891252473e-01
2.222857447999970759e-02
3.047840321317707435e-01
5.724594982362845030e-01
8.086299745715734844e-01
1.001438018591734647e+00
1.144340564648889114e+00
1.235618353358681532e+00
1.277092425998631597e+00
1.273166895918556918e+00
1.228830583088310391e+00
1.148983912193916268e+00
1.037889238008219195e+00
8.984911769546819471e-01
7.328490858533989183e-01
5.395162117095537724e-01
3.163370525459896498e-01
6.048754907982356599e-02
-2.347869313062460606e-01
-5.815697359593663407e-01
-9.912544871143893488e-01
-1.478058029161090303e+00
-2.061058698226155173e+00
-2.760051263684644596e+00
-3.586637217651841070e+00
-4.529237816377072789e+00
-5.510474666922302589e+00
-6.282560128683254419e+00
-6.279643235703764148e+00
-4.621674062350344059e+00
-9.116892087314720783e-01
3.690357887978937157e+00
7.327408540903750378e+00
9.015525431452715566e+00
8.683775525737654988e+00
6.700283152517965135e+00
3.538065190643393976e+00
-2.779559194295373459e-01
-3.995832372500274232e+00
-6.714184541875514611e+00
-7.854309084960085841e+00
-7.521813664989931425e+00
-6.306760520139841120e+00
-4.820303495277903139e+00
-3.454476189113030671e+00
-2.487409541284492320e+00
-2.002098345312354866e+00
-1.810410929451534479e+00
-1.729604430283007588e+00
-1.673382295514147522e+00
-1.594758873840793179e+00
-1.479063469564073863e+00
-1.348827755361354797e+00
-1.225070802263094283e+00
-1.103113583681290866e+00
-9.823830597971121570e-01
-8.660781649256401593e-01
-7.572203867484694761e-01
-6.549294476971323498e-01
-5.607377946452907214e-01
-4.757222273244456900e-01
-3.995040141167114367e-01
-3.321441452981211961e-01
-2.734895306920818170e-01
-2.229625616204842231e-01
-1.799815844264146536e-01
-1.438498716318767912e-01
-1.138389627993926512e-01
-8.919847004765524279e-02
-6.920169348952542876e-02
-5.315706627116323357e-02
-4.042913636750866679e-02
-3.044459486131956272e-02
-2.269916782913050657e-02
-1.675679610831393163e-02
-1.224768585612268090e-02
-8.863316417216160481e-03
-6.350651577255450597e-03
-4.505257785743843613e-03
-3.164459879455461255e-03
-2.200685976232907848e-03
-1.515287272591536727e-03
-1.033021831113423161e-03
-6.972723298811489556e-04
-4.659864754077425175e-04
-3.083349183508055091e-04
-2.019994348364528847e-04
-1.310251956563313058e-04
-8.414676323653669243e-05
-5.350546920279697360e-05
-3.368501144918045753e-05
-2.099678958855655253e-05
-1.295826145852885247e-05
-9.852798447784749669e-06
