-1.069289782542952594e+00
-1.062263805457472898e+00
-1.027776022988966531e+00
-9.489197420111388226e-01
-8.201525885197646915e-01
-6.398406907220106632e-01
-4.117217531871730785e-01
-1.473775128560355085e-01
1.349393630420152590e-01
4.149271824592943858e-01
6.731548863658609605e-01
8.942050823683835858e-01
1.067846331618859779e+00
1.188871657838156182e+00
1.257040007354945033e+00
1.275351311745183125e+00
1.248412505828778052e+00
1.181510380931438675e+00
1.079587662885653998e+00
9.461766658714552136e-01
7.843755712958575543e-01
5.948061557413240052e-01
3.751691113542037215e-01
1.237105628353418751e-01
-1.637841823944228281e-01
-4.980793409644697078e-01
-8.895807639985342519e-01
-1.351275526265172999e+00
-1.899961616800769804e+00
-2.553961277507461602e+00
-3.329141621759170278e+00
-4.225112351107707553e+00
-5.191261833091644462e+00
-6.055519803790712530e+00
-6.382497462602682248e+00
-5.360330102429870180e+00
-2.283392634576530966e+00
2.243259101610615147e+00
6.420149020390047312e+00
8.917638705044549141e+00
9.417426223316606837e+00
8.145960327080526753e+00
5.515468794285819598e+00
1.980069697406289464e+00
-1.862698574166433474e+00
-5.208576531987439751e+00
-7.296023495624787358e+00
-7.875504543415857484e+00
-7.299566475978693347e+00
-6.151468958102929818e+00
-4.842818122725857322e+00
-3.563330079146551199e+00
-2.544935871550185524e+00
-1.979769070434731049e+00
-1.778477813633890570e+00
-1.728871030062666847e+00
-1.682347360225286970e+00
-1.596100368497475941e+00
-1.478852796660731883e+00
-1.350268753350291284e+00
-1.226110216906880712e+00
-1.103622579989121721e+00
-9.827153711242466727e-01
-8.664000135834908356e-01
-7.575196906252519291e-01
-6.551413704295274698e-01
-5.609265643563121628e-01
-4.758627619167918876e-01
-3.996154703873051606e-01
-3.322334853502146856e-01
-2.735517178386117632e-01
-2.230160646623001730e-01
-1.800185071496261946e-01
-1.438802434529511398e-01
-1.138598368143927120e-01
-8.921498202406419331e-02
-6.921296114468811211e-02
-5.316566941232259147e-02
-4.043494755806131824e-02
-3.044888928917477422e-02
-2.270203198695419644e-02
-1.675884904609925563e-02
-1.224903511702379877e-02
-8.864255986050673108e-03
-6.351259137487463846e-03
-4.505669318739524698e-03
-3.164721347888033165e-03
-2.200858386903759012e-03
-1.515394764980970699e-03
-1.033090856547791425e-03
-6.973145019161242075e-04
-4.660128426671183988e-04
-3.083506771399679991e-04
-2.020090180994138507e-04
-1.310307830075796431e-04
-8.415005824868870832e-05
-5.350733260389706203e-05
-3.368606832465648182e-05
-2.099736057648016185e-05
-1.295856467964373593e-05
-9.853000898507602301e-06
