-1.060385337969535158e+00
-1.044883428957295024e+00
-9.924724245283975677e-01
-8.944740047938566363e-01
-7.468470316549975507e-01
-5.496349656161498842e-01
-3.084943849971431007e-01
-3.673988622971435802e-02
2.462214722076261353e-01
5.194676594419505022e-01
7.645792581483839001e-01
9.675764088075844427e-01
1.119470324968744990e+00
1.216911966481792007e+00
1.260853787020348449e+00
1.255062506880218365e+00
1.204557954740060666e+00
1.114649305254790335e+00
9.897904971976174693e-01
8.335110916817711768e-01
6.482587729701059232e-01
4.329339926727762133e-01
1.855330393108758358e-01
-9.600637322657235018e-02
-4.203511708786535905e-01
-7.966405140266310525e-01
-1.236634202914078884e+00
-1.755874497267384982e+00
-2.369791664321073910e+00
-3.097980909654243220e+00
-3.944562069671910365e+00
-4.880890656243455084e+00
-5.788726834643650676e+00
-6.340847040927082290e+00
-5.844891593504794258e+00
-3.435400424963431121e+00
7.880881781244415407e-01
5.281772375198237057e+00
8.492112065598300674e+00
9.805761996232249089e+00
9.269627748428657554e+00
7.236966070895181957e+00
4.119441359705852790e+00
3.858641996707845578e-01
-3.304451431110880577e+00
-6.155864421965699051e+00
-7.643288477608674469e+00
-7.818755926297495051e+00
-7.151720270424799963e+00
-6.122274622040285053e+00
-4.939609925874089313e+00
-3.667235823757458490e+00
-2.568041913515610730e+00
-1.945799619101007849e+00
-1.754992695683017523e+00
-1.731449553891592608e+00
-1.687633686546216261e+00
-1.596126751956203016e+00
-1.479316438282080703e+00
-1.351496259939859002e+00
-1.226747115994817783e+00
-1.104110228218198486e+00
-9.831599745945793778e-01
-8.667337991184211887e-01
-7.578468530879027831e-01
-6.554428887917991275e-01
-5.611098774108547182e-01
-4.760387661188854036e-01
-3.997544418787677412e-01
-3.323256416276683112e-01
-2.736340671432668792e-01
-2.230734930086174517e-01
-1.800668714639633849e-01
-1.439138939059168010e-01
-1.138870860452017020e-01
-8.923380618674514597e-02
-6.922769122972372013e-02
-5.317574681567949213e-02
-4.044258698335778668e-02
-3.045405582814253442e-02
-2.270583321424457512e-02
-1.676138674203986323e-02
-1.225084997754055660e-02
-8.865450589813583804e-03
-6.352090667074761221e-03
-4.506208433766700772e-03
-3.165086992288790313e-03
-2.201091670357535612e-03
-1.515549058826448636e-03
-1.033187641152344405e-03
-6.973769608886737359e-04
-4.660513256080633937e-04
-3.083749122668733023e-04
-2.020236666093744304e-04
-1.310397801954632513e-04
-8.415538185257975812e-05
-5.351051425073194423e-05
-3.368790240965147120e-05
-2.099841939140478786e-05
-1.295915130683500394e-05
-9.853419691285836279e-06
