-1.042751706947491641e+00
-1.018353612474431458e+00
-9.474458784576391679e-01
-8.304358667202826894e-01
-6.649628355709360505e-01
-4.527715744967153455e-01
-2.014274469398138478e-01
7.419501708461240241e-02
3.535753292328109865e-01
6.162068000828284653e-01
8.450112588788520895e-01
1.026960791639563553e+00
1.154994573436859184e+00
1.227461749206472774e+00
1.246196775975796811e+00
1.215732254653605793e+00
1.141044886994723839e+00
1.027545538988153595e+00
8.791008221829699210e-01
6.990465592987078480e-01
4.888341053761955379e-01
2.463160045036651979e-01
-3.062274852355528765e-02
-3.469143722762169091e-01
-7.101115088508080930e-01
-1.132001905552627363e+00
-1.625853576969550573e+00
-2.205666322479167718e+00
-2.889929857514001554e+00
-3.688709519443573726e+00
-4.585594411557128325e+00
-5.503072722581126897e+00
-6.201420031414057732e+00
-6.116363713620417641e+00
-4.349842120246890431e+00
-5.775133026581382722e-01
4.023002692124840962e+00
7.784057089280164377e+00
9.847209948391606460e+00
1.007091092846713209e+01
8.678936264097924180e+00
6.056786197388483117e+00
2.603324175327749401e+00
-1.169801205642087893e+00
-4.546552510753194554e+00
-6.850087391582359686e+00
-7.833329665851866963e+00
-7.759261304754112132e+00
-7.104416066433877575e+00
-6.195158077758375015e+00
-5.073800122247677180e+00
-3.749799799133148426e+00
-2.560996043439137893e+00
-1.904336522133988296e+00
-1.734950137867927289e+00
-1.732198745365286285e+00
-1.688951418525827641e+00
-1.595087868813766185e+00
-1.479432584257878602e+00
-1.351914969485624951e+00
-1.226909300997395036e+00
-1.104377456250467127e+00
-9.833844949376402411e-01
-8.669402438126070365e-01
-7.580529994130444926e-01
-6.555828762358548722e-01
-5.612255704364890185e-01
-4.761365982953659204e-01
-3.998268014973644924e-01
-3.323836978058044567e-01
-2.736775773286661551e-01
-2.231094035399907582e-01
-1.800932129944408100e-01
-1.439348138992798676e-01
-1.139021220224729625e-01
-8.924537971471380171e-02
-6.923583782304876255e-02
-5.318183509973828382e-02
-4.044678264309953253e-02
-3.045710204787555053e-02
-2.270788774174392621e-02
-1.676283638743025772e-02
-1.225180643300149974e-02
-8.866106581746691084e-03
-6.352513789858460491e-03
-4.506490521682393613e-03
-3.165264691559421806e-03
-2.201206780990005996e-03
-1.515619770714460302e-03
-1.033232102058745383e-03
-6.974035316850146771e-04
-4.660675065782937665e-04
-3.083842828528471358e-04
-2.020291692362841118e-04
-1.310428451298806252e-04
-8.415710032483314507e-05
-5.351141906406731152e-05
-3.368837370343324977e-05
-2.099864133264794930e-05
-1.295924697319872365e-05
-9.853469381093660218e-06
