-1.016181007295280381e+00
-9.826029195591594601e-01
-8.929692257360244412e-01
-7.575148137745344457e-01
-5.756718617700400387e-01
-3.508668361918623191e-01
-9.251960494353284048e-02
1.828997992915759596e-01
4.546095211745004860e-01
7.032074725881649613e-01
9.123500538998179366e-01
1.070746806593785294e+00
1.173282160603143609e+00
1.219548034257901037e+00
1.212364251057472586e+00
1.156488868346741583e+00
1.057263688706353122e+00
9.194589586205701437e-01
7.466909311303311370e-01
5.418168354558972055e-01
3.048391995528092480e-01
3.322296694001991568e-02
-2.762221076405104725e-01
-6.286575924715407382e-01
-1.035319002062060179e+00
-1.507655208522756141e+00
-2.057843888471236227e+00
-2.702424155935585048e+00
-3.455024213326371552e+00
-4.311869055841992093e+00
-5.216741305847293120e+00
-5.998212753729820435e+00
-6.215079766053593247e+00
-5.027439902996164278e+00
-1.801186107335009723e+00
2.717978272312219445e+00
6.875480998904935248e+00
9.581894099791433916e+00
1.053476823389112127e+01
9.829905119654526402e+00
7.753860631978668039e+00
4.685512639233898824e+00
1.040336431689866004e+00
-2.608059385738840774e+00
-5.560065992370070376e+00
-7.338638129691336331e+00
-7.942827611026050505e+00
-7.748589275782464370e+00
-7.159988997154780321e+00
-6.341054159653831235e+00
-5.218507055441316211e+00
-3.802510034495293567e+00
-2.525575475796895120e+00
-1.854015115022527027e+00
-1.713072879156976036e+00
-1.728909195248553132e+00
-1.687328816237577911e+00
-1.593556290133794739e+00
-1.479314160030946290e+00
-1.352019164232719284e+00
-1.227057868914763539e+00
-1.104716931640069788e+00
-9.836386394518235043e-01
-8.671654939655337735e-01
-7.582640772402360341e-01
-6.557361628150684130e-01
-5.613651642026473709e-01
-4.762440625703281416e-01
-3.999130090683431504e-01
-3.324533243703886587e-01
-2.737273417950644161e-01
-2.231519391749234860e-01
-1.801232121414321208e-01
-1.439592876005183486e-01
-1.139192276340246224e-01
-8.925879890057963895e-02
-6.924511276952416416e-02
-5.318886122751298462e-02
-4.045157381046060596e-02
-3.046061648104403385e-02
-2.271024742168936683e-02
-1.676451565720948889e-02
-1.225291477638434934e-02
-8.866872874173536978e-03
-6.353010249483204142e-03
-4.506824289464250732e-03
-3.165476665765498687e-03
-2.201345411289024057e-03
-1.515705952899293329e-03
-1.033286922317300238e-03
-6.974368323142687842e-04
-4.660880906544040414e-04
-3.083964700972829931e-04
-2.020364735082491592e-04
-1.310470423078191615e-04
-8.415952675433491237e-05
-5.351275994969206806e-05
-3.368911115619876995e-05
-2.099902334096181988e-05
-1.295943752943617966e-05
-9.853589213681956949e-06
