-9.808430805451635592e-01
-9.378242808638006522e-01
-8.295402252710459834e-01
-6.766881263421922199e-01
-4.803710157298937133e-01
-2.457280166061011073e-01
1.587263732184851506e-02
2.869102118320476791e-01
5.473471839648027526e-01
7.784715903684471527e-01
9.648651477225698159e-01
1.097608232262199834e+00
1.173293267070420143e+00
1.192359205279828416e+00
1.158688660746722832e+00
1.076925832997766008e+00
9.525315204158886218e-01
7.897822823286837490e-01
5.917280870815382343e-01
3.605609110889709257e-01
9.501510031888926733e-02
-2.077182707323927957e-01
-5.509017104088478334e-01
-9.449406467484813277e-01
-1.399156507503406033e+00
-1.923566541714141209e+00
-2.533343396440500328e+00
-3.244142461758745100e+00
-4.056697382841718991e+00
-4.937314472270013965e+00
-5.761082527850941659e+00
-6.187652391741586655e+00
-5.486748213902309601e+00
-2.840644672227920609e+00
1.437345911773633134e+00
5.826775768241347464e+00
9.069167765742008669e+00
1.069007344203619780e+01
1.066065677934799538e+01
9.185445939899782530e+00
6.579524726282805602e+00
3.199952308568811077e+00
-4.932702524505714337e-01
-3.876435492518218950e+00
-6.358022792465256146e+00
-7.682446346996531616e+00
-8.035276640837683004e+00
-7.814529309421359926e+00
-7.306534690598212478e+00
-6.533442647636235279e+00
-5.354745540156816475e+00
-3.818413125515728979e+00
-2.458693729446551401e+00
-1.789379110989781196e+00
-1.684943504866658337e+00
-1.721149083417213177e+00
-1.683969611002236633e+00
-1.591988074220625826e+00
-1.479051587272039114e+00
-1.352006963000717654e+00
-1.227177649574528573e+00
-1.104918015678807652e+00
-9.837733035513336333e-01
-8.672505135014909605e-01
-7.583582337881693558e-01
-6.558343002066369110e-01
-5.614174627080090740e-01
-4.763034375420911459e-01
-3.999597391247939893e-01
-3.324820264631213051e-01
-2.737567856105563857e-01
-2.231713440296105855e-01
-1.801409837215898202e-01
-1.439710556607638470e-01
-1.139293372447534036e-01
-8.926545377565153760e-02
-6.925054300107136296e-02
-5.319239519210527956e-02
-4.045432928320980004e-02
-3.046238244440602205e-02
-2.271156789543471444e-02
-1.676534624978620602e-02
-1.225351167670385433e-02
-8.867240093573647286e-03
-6.353264116781276449e-03
-4.506976405869833613e-03
-3.165577768071914377e-03
-2.201404068298828953e-03
-1.515743323340701387e-03
-1.033307715927245241e-03
-6.974494374762940652e-04
-4.660946950747479889e-04
-3.084002101780836114e-04
-2.020382375531593055e-04
-1.310479229150729452e-04
-8.415983884124678127e-05
-5.351285066090838427e-05
-3.368907438361379292e-05
-2.099895525231598725e-05
-1.295935859702002091e-05
-9.853514635782545383e-06
