-6.456003409339245991e-01
-5.989796012205914622e-01
-4.834527557298855527e-01
-3.272647029291455567e-01
-1.318795425341043881e-01
1.005236782452669786e-01
3.559886555476801107e-01
6.175998691125599294e-01
8.608774964914367445e-01
1.065865565165967865e+00
1.219692477942459163e+00
1.318030868506127717e+00
1.357766812694379155e+00
1.336376859116331417e+00
1.265929890691115389e+00
1.148071467617505448e+00
9.867243135128767051e-01
7.879046613204607752e-01
5.542192361889028973e-01
2.868333777990983435e-01
-1.790207755942319068e-02
-3.613054236572672551e-01
-7.501062394567163949e-01
-1.194116482218305464e+00
-1.702284821435238626e+00
-2.286258078988947062e+00
-2.959747364248649149e+00
-3.728122552440137127e+00
-4.568400620418387348e+00
-5.386367741640594176e+00
-5.907120245380102830e+00
-5.479615965226908969e+00
-3.254393615159646203e+00
6.860535919984336317e-01
4.991627227476559625e+00
8.482199578864687339e+00
1.064023595342852957e+01
1.124150940412193123e+01
1.037355094509794640e+01
8.291497984651826414e+00
5.283414258411163189e+00
1.719543832798954952e+00
-1.876275302384243560e+00
-4.909855358831499927e+00
-6.936966284135230865e+00
-7.910983611840844532e+00
-8.131453479198636813e+00
-7.946643205712760505e+00
-7.510802125281941244e+00
-6.730529710421857104e+00
-5.412475857902800058e+00
-3.680100315191641158e+00
-2.216109162681417999e+00
-1.578359811609441721e+00
-1.553389559180539337e+00
-1.637197358156615046e+00
-1.628839391012805393e+00
-1.548216934987089566e+00
-1.436520780616712401e+00
-1.320153786127837403e+00
-1.204594076485678400e+00
-1.086959328505133549e+00
-9.697765050159268263e-01
-8.576388033624886553e-01
-7.501780912210265218e-01
-6.493600122593483626e-01
-5.569529970235305161e-01
-4.727357962436532501e-01
-3.972210179050439383e-01
-3.305313889702653496e-01
-2.722896687252780445e-01
-2.220785667629194826e-01
-1.793311251565554709e-01
-1.433766616073254285e-01
-1.134955222544947739e-01
-8.895193502403542229e-02
-6.902533910177277576e-02
-5.303223375787435856e-02
-4.034116831155576399e-02
-3.038323061163161753e-02
-2.265658915651980188e-02
-1.672754286935185242e-02
-1.222770896342950664e-02
-8.849806263900639181e-03
-6.341575469710813984e-03
-4.499218754920319974e-03
-3.160470347494004351e-03
-2.198075397137566611e-03
-1.513591935302871505e-03
-1.031931265975338796e-03
-6.965763589166229508e-04
-4.655465301859340599e-04
-3.080591240487429161e-04
-2.018282070747057233e-04
-1.309198270226241689e-04
-8.408257750613934434e-05
-5.346675544726231522e-05
-3.366192959564084930e-05
-2.098319821086658266e-05
-1.295038284698790676e-05
-9.847056283485144945e-06
