-5.978140696756213401e-01
-5.424854532618397229e-01
-4.126271182606124910e-01
-2.450895201161493731e-01
-4.051552974295091758e-02
1.954650140152587312e-01
4.487658985313558446e-01
6.989260406779038703e-01
9.227960144967042311e-01
1.101981544956149861e+00
1.226823471406603971e+00
1.293299950075738280e+00
1.297505015496906111e+00
1.244347152968419579e+00
1.141245957573843839e+00
9.901597151656389428e-01
7.965490863126660770e-01
5.656827975321263580e-01
2.987370641387769865e-01
-6.308739569234944611e-03
-3.511191399999802343e-01
-7.373902209812364106e-01
-1.176292413194030217e+00
-1.676128292582195201e+00
-2.243325543177547843e+00
-2.893652887299712262e+00
-3.631187106358463978e+00
-4.438062496643841115e+00
-5.246928557915865099e+00
-5.836344031567406887e+00
-5.651327007934108693e+00
-3.837208157890453109e+00
-2.304615887996650514e-01
4.029564731555904444e+00
7.706563578427296335e+00
1.026697606647749517e+01
1.145587244100505231e+01
1.119583226775365148e+01
9.659408886338869848e+00
7.090178915299766516e+00
3.786304677281457032e+00
1.712877313061582640e-01
-3.221279820477320754e+00
-5.864854365508648470e+00
-7.497732616377611237e+00
-8.247138511088667912e+00
-8.449944287638569307e+00
-8.370657862776429425e+00
-8.036039653028037577e+00
-7.229162939534086618e+00
-5.656719297719719819e+00
-3.549497981490622678e+00
-1.912075018069044674e+00
-1.357164719183428403e+00
-1.459013931254498964e+00
-1.619995711606509126e+00
-1.637109781779868101e+00
-1.567232187404676402e+00
-1.469784034784964888e+00
-1.353569644041042963e+00
-1.234157610056351828e+00
-1.114424528880550547e+00
-9.919934123826172900e-01
-8.736360151034872068e-01
-7.639038513422020671e-01
-6.606587777349912649e-01
-5.648738009087677092e-01
-4.789799332728812420e-01
-4.020022025829164125e-01
-3.339069498721902729e-01
-2.747767787308832421e-01
-2.239036348432723589e-01
-1.806546425531974087e-01
-1.443293051917386993e-01
-1.141734290030607113e-01
-8.943025682251337649e-02
-6.935898491291325740e-02
-5.326278497493175390e-02
-4.049860172335251196e-02
-3.048961965045005051e-02
-2.272758513236172728e-02
-1.677437044172491731e-02
-1.225817574953369515e-02
-8.869366700040015594e-03
-6.353942135493673149e-03
-4.506916254032100611e-03
-3.165175630508110238e-03
-2.200896601563306909e-03
-1.515245117969965527e-03
-1.032874957076046485e-03
-6.970975746078966750e-04
-4.658225689070372155e-04
-3.081967997621282151e-04
-2.018906686640509207e-04
-1.309432790215225850e-04
-8.408718680463778128e-05
-5.346326364275011400e-05
-3.365576144864768082e-05
-2.097685686730521581e-05
-1.294485593872352069e-05
-9.842056013287248106e-06
