-5.477763887399405007e-01
-4.847710627181598397e-01
-3.410648703899852308e-01
-1.621828819753403650e-01
4.960881807715722402e-02
2.862030195710367764e-01
5.315090696546000970e-01
7.646378148006967024e-01
9.639909425622015249e-01
1.114288819692269783e+00
1.207485340507489013e+00
1.239320898582235486e+00
1.209905867172114569e+00
1.124671952033281741e+00
9.888502102181568887e-01
8.061356657168481377e-01
5.810075328575692311e-01
3.174916026896461574e-01
1.611035408134142699e-02
-3.253860573618716501e-01
-7.103916189922827584e-01
-1.142325509668381756e+00
-1.631062207125516750e+00
-2.187265578385080289e+00
-2.815271013888953178e+00
-3.523478408319018484e+00
-4.301626050092114184e+00
-5.096188856409035850e+00
-5.737708530873122825e+00
-5.768380725292875155e+00
-4.369778423709488990e+00
-1.131803923277042045e+00
3.050735588556815259e+00
6.880886566856071695e+00
9.749415422474644544e+00
1.141641232892055058e+01
1.173760467329079304e+01
1.076072329533395688e+01
8.670467036592768295e+00
5.721156696488556292e+00
2.247259043663603961e+00
-1.305860219981241244e+00
-4.410076024445217513e+00
-6.659181856517164988e+00
-7.978749892449023662e+00
-8.606010757490242469e+00
-8.853203560246143411e+00
-8.884562036034434840e+00
-8.600818985637012304e+00
-7.647121846604163053e+00
-5.675291508302137800e+00
-3.168957080329628084e+00
-1.485103021155641301e+00
-1.127889335701064866e+00
-1.397104350202050149e+00
-1.636234815143035703e+00
-1.668486107430914522e+00
-1.600228512496024713e+00
-1.497497886896850261e+00
-1.368643657690092219e+00
-1.239319824795853009e+00
-1.112257122135535958e+00
-9.865794535367156115e-01
-8.682002239780617359e-01
-7.584994007420697848e-01
-6.553335266206254950e-01
-5.608259122141412423e-01
-4.757536211990427422e-01
-3.994176184755569015e-01
-3.320599865360257530e-01
-2.734490428075627699e-01
-2.229470408535222381e-01
-1.799781824244833794e-01
-1.438529120744037604e-01
-1.138433371989828746e-01
-8.920246054169478356e-02
-6.920412858619795493e-02
-5.315794580616006737e-02
-4.042865585653909744e-02
-3.044317488091874413e-02
-2.269720170867051134e-02
-1.675461196653871276e-02
-1.224552803867207107e-02
-8.861332821686440653e-03
-6.348926821036160462e-03
-4.503816943535410289e-03
-3.163298165387851135e-03
-2.199774835649259686e-03
-1.514591039700752262e-03
-1.032501097133153856e-03
-6.968908813396179625e-04
-4.657119973897616561e-04
-3.081408475481550724e-04
-2.018643248842266757e-04
-1.309325558626062147e-04
-8.408410479776584623e-05
-5.346364610814280383e-05
-3.365742049010744807e-05
-2.097878254991858427e-05
-1.294661086848059028e-05
-9.843671127107711527e-06
