-4.826854706551344520e-01
-4.128256123664542088e-01
-2.565312916484110417e-01
-6.820813169973760637e-02
1.474935075487877612e-01
3.799489082206299884e-01
6.121530417593881168e-01
8.229874035094404405e-01
9.940654326955211673e-01
1.112483721144393201e+00
1.171237984892812278e+00
1.168160372103720590e+00
1.104752607589958302e+00
9.868633431910467380e-01
8.186062811341550116e-01
6.034396298409845372e-01
3.466117368535108767e-01
5.031420641312323028e-02
-2.863711869037501856e-01
-6.662476751810650910e-01
-1.092808335768644667e+00
-1.572219328280009876e+00
-2.112625102285026202e+00
-2.723290423142803007e+00
-3.406312289281807182e+00
-4.154850617075855013e+00
-4.931329216831269235e+00
-5.602773871452189525e+00
-5.802818263951694533e+00
-4.783929932428957699e+00
-1.945989130061411387e+00
2.101473371858396888e+00
6.036393467101213162e+00
9.139853903155856329e+00
1.118444485685044043e+01
1.201814464985252329e+01
1.159600771435441757e+01
1.001459242509022829e+01
7.477926839123107072e+00
4.258065878379298397e+00
7.169067147898502412e-01
-2.671203748165289937e+00
-5.434342241695702569e+00
-7.329127037539706180e+00
-8.430348065972793847e+00
-9.020045906553598059e+00
-9.351058014053268863e+00
-9.469793813536089289e+00
-9.153424095892978229e+00
-7.905497181624346226e+00
-5.377883273426714794e+00
-2.511138946181919351e+00
-9.722881086173078558e-01
-9.339256878850967780e-01
-1.392429858450107361e+00
-1.689097384239012456e+00
-1.716845434587883190e+00
-1.629795911884587944e+00
-1.505390388351550257e+00
-1.362985328674109375e+00
-1.228268444889000666e+00
-1.100473574612222283e+00
-9.789522527382397143e-01
-8.637540675048631655e-01
-7.554893711079573304e-01
-6.537115120633667509e-01
-5.600783664360526881e-01
-4.753380838908078942e-01
-3.992551973752687111e-01
-3.320001914153778433e-01
-2.734156862086227768e-01
-2.229140489751650911e-01
-1.799534329150614953e-01
-1.438278756610553710e-01
-1.138237489522259116e-01
-8.918496788653751395e-02
-6.919106628389015690e-02
-5.314744106004776203e-02
-4.042124187883178177e-02
-3.043767960390353355e-02
-2.269353577384058962e-02
-1.675208030966779393e-02
-1.224393899078590753e-02
-8.860312384787460971e-03
-6.348334614623585281e-03
-4.503471333254016606e-03
-3.163122852398503326e-03
-2.199690472086235360e-03
-1.514563507761690353e-03
-1.032499681318688189e-03
-6.969030281352983636e-04
-4.657276369040008746e-04
-3.081565672806707568e-04
-2.018777300831775534e-04
-1.309433799018266953e-04
-8.409230064054806775e-05
-5.346968953101605138e-05
-3.366172421037649798e-05
-2.098180001841587483e-05
-1.294868679080352081e-05
-9.845360241289569103e-06
