-4.476296345861996429e-01
-3.708648135280405711e-01
-2.020473225871306511e-01
-5.072142432162252135e-03
2.124994234704686846e-01
4.375828565040400520e-01
6.523561451232318120e-01
8.361684719029156554e-01
9.751898677618910938e-01
1.058407374302607451e+00
1.081073857928043225e+00
1.042507308047895265e+00
9.460481262963185145e-01
7.958550010420175624e-01
5.952856103637813590e-01
3.507993357073146967e-01
6.356531650435215397e-02
-2.651345554554467299e-01
-6.355030495194000650e-01
-1.054107294106717774e+00
-1.523746765724421692e+00
-2.048653398911230994e+00
-2.639652739878233234e+00
-3.301442682294077002e+00
-4.030594209302350350e+00
-4.798269705246653416e+00
-5.508754253851659399e+00
-5.889336220098888575e+00
-5.322739541388912698e+00
-3.058891376101742665e+00
7.655049501129020939e-01
4.912835352670931854e+00
8.347474089321142543e+00
1.076121014904739681e+01
1.206086384698015124e+01
1.216262938014308048e+01
1.109225738279847917e+01
8.997871144553542422e+00
6.105185315842341254e+00
2.711678916100126457e+00
-7.867695675871217986e-01
-3.925455809577997002e+00
-6.340137273599125933e+00
-7.941040951187098074e+00
-8.908966915143118115e+00
-9.516490600238775244e+00
-9.928835358960672153e+00
-1.007574453954003602e+01
-9.598383554547288199e+00
-7.947294755852365000e+00
-5.005565797944763418e+00
-2.088023697585814631e+00
-8.293061557691192576e-01
-1.047055080992354448e+00
-1.615385509346971560e+00
-1.924568428951006105e+00
-1.918858859786647386e+00
-1.786721885237616547e+00
-1.618188873794430549e+00
-1.435573724792078565e+00
-1.287431207916657439e+00
-1.162761832383509386e+00
-1.025787644151955558e+00
-8.978697986001726861e-01
-7.870038398825383030e-01
-6.801131939529352355e-01
-5.789363832390004294e-01
-4.912651096861823108e-01
-4.120389105340588332e-01
-3.414591028480643553e-01
-2.808698565552523174e-01
-2.287260858529600593e-01
-1.844630364164290270e-01
-1.472887743283757267e-01
-1.164632814614566803e-01
-9.117655466241936235e-02
-7.068302987285302041e-02
-5.425344830728573431e-02
-4.123475734012682636e-02
-3.102992271640858668e-02
-2.312113463768616928e-02
-1.705768770841231685e-02
-1.246048016457057539e-02
-9.012210399367837077e-03
-6.453942227338194115e-03
-4.576166399200665147e-03
-3.212708357681948179e-03
-2.233178518274092639e-03
-1.536970908746937425e-03
-1.047344838132402423e-03
-7.066457097791856157e-04
-4.720583616287798989e-04
-3.122308726849487570e-04
-2.044736261360702301e-04
-1.325810413815853295e-04
-8.511478038164543847e-05
-5.410141173944893467e-05
-3.404764569903129257e-05
-2.121472986971184582e-05
-1.308733490135161048e-05
-9.948211020516239955e-06
