-3.903033174170005282e-01
-3.072964295038929095e-01
-1.277892678939771542e-01
7.482090697417831393e-02
2.901962259480228568e-01
5.033832487663154609e-01
6.953506259390813682e-01
8.495098061211088236e-01
9.542637494467314241e-01
1.001032269387952311e+00
9.872176256043232456e-01
9.135688042686531674e-01
7.842094019749268341e-01
6.015766829171980135e-01
3.703022466106915545e-01
9.585429292241798294e-02
-2.215615304772171612e-01
-5.826478040962186356e-01
-9.892871373294056525e-01
-1.446516759076033054e+00
-1.957637267615517374e+00
-2.529357189530557548e+00
-3.168261302744088681e+00
-3.875170114904733509e+00
-4.631070803137561143e+00
-5.363148304609826056e+00
-5.873136093927666224e+00
-5.673453293792887209e+00
-3.997339677655658008e+00
-5.732127818814216624e-01
3.659624728365619362e+00
7.442218052874139289e+00
1.022612902916830535e+01
1.193038375341891566e+01
1.251046576515173570e+01
1.194796759632853878e+01
1.032001786243827723e+01
7.804906244676466542e+00
4.653940227597487933e+00
1.193493287994776608e+00
-2.163712207032865820e+00
-5.007464181832411043e+00
-7.098157567969074933e+00
-8.481691718817337744e+00
-9.386239148540390431e+00
-1.003682717481833819e+01
-1.049765007955611296e+01
-1.056928950561703218e+01
-9.788022947981291466e+00
-7.659489734995144516e+00
-4.364166277852573828e+00
-1.560388784316353750e+00
-6.859762528283877003e-01
-1.167924800665188556e+00
-1.806275039592334153e+00
-2.051289276309356424e+00
-1.947418777063280260e+00
-1.732183210522213912e+00
-1.519106719120095761e+00
-1.345371198936433643e+00
-1.217470294427121402e+00
-1.093475362014269425e+00
-9.687159669911058479e-01
-8.568718090225089234e-01
-7.503309185228836942e-01
-6.481013982535388518e-01
-5.559287293118193585e-01
-4.724197732807344785e-01
-3.968441410664418356e-01
-3.303605410997987324e-01
-2.723986480806149801e-01
-2.222977496263587316e-01
-1.796158264814062822e-01
-1.436676668497753884e-01
-1.137758758733017350e-01
-8.920029803230267174e-02
-6.923954719598635066e-02
-5.320846413586000079e-02
-4.048354071702320311e-02
-3.049461379383244797e-02
-2.274245909252980979e-02
-1.679215877363871012e-02
-1.227571196477528215e-02
-8.884777328152959619e-03
-6.366755681044944382e-03
-4.517051632793478433e-03
-3.172961305932253673e-03
-2.206698105837290314e-03
-1.519481656643173473e-03
-1.035901367604785683e-03
-6.992250083730500165e-04
-4.672919304588019074e-04
-3.091976200946255915e-04
-2.025621454836423752e-04
-1.313881330574639961e-04
-8.437795893445620976e-05
-5.365109629007491776e-05
-3.377560930706291487e-05
-2.105248047490348995e-05
-1.299203166504891982e-05
-9.878159718201828809e-06
