-3.196942726994578265e-01
-2.313694567412092340e-01
-4.369470896095961621e-02
1.607765708536526006e-01
3.693513029640449474e-01
5.648230157269793494e-01
7.303960445736947804e-01
8.527084394539770074e-01
9.212938109629718042e-01
9.312099757413996315e-01
8.807400582436670788e-01
7.727668316568880869e-01
6.098409056656990401e-01
3.946421999995024521e-01
1.334979796015502984e-01
-1.712094764687321913e-01
-5.208570009635664633e-01
-9.161752985240880776e-01
-1.360187605665931443e+00
-1.856874573050291133e+00
-2.409677267342299700e+00
-3.028274015966790245e+00
-3.712484113666327801e+00
-4.448038475933625335e+00
-5.187970342995264161e+00
-5.782651988222383466e+00
-5.852818681239240206e+00
-4.690136417099546762e+00
-1.752740966572485348e+00
2.389502137834108808e+00
6.431355723494354137e+00
9.579708113540689851e+00
1.166023919486893945e+01
1.265962556430118013e+01
1.257547794914409423e+01
1.142730385966231665e+01
9.325971207727150158e+00
6.480967844227194519e+00
3.171203123110316824e+00
-2.570816612791873013e-01
-3.407149095658937199e+00
-5.944544041935174050e+00
-7.764280872849532500e+00
-9.006235589107077999e+00
-9.900637919789630814e+00
-1.059798139047034482e+01
-1.104874076553646489e+01
-1.093544817640386313e+01
-9.757674454655219876e+00
-7.098845246622854432e+00
-3.492452791006785517e+00
-9.468332513321371380e-01
-5.497103767202240476e-01
-1.284212880322602501e+00
-1.927886179138479150e+00
-2.049329773645072628e+00
-1.846377353759713458e+00
-1.589175040442341924e+00
-1.396035862519698689e+00
-1.278425512583033719e+00
-1.182728764782405406e+00
-1.074854875734649440e+00
-9.650087831298352903e-01
-8.580239418863073730e-01
-7.524549588834410496e-01
-6.525745234117925619e-01
-5.600847779212192457e-01
-4.757206425969617847e-01
-3.998529555604296570e-01
-3.326174119257361284e-01
-2.739658746490922780e-01
-2.233917415473865020e-01
-1.803516587871419885e-01
-1.441574035186599101e-01
-1.140897521230452849e-01
-8.939889267127076877e-02
-6.935980283467380048e-02
-5.327995787695249952e-02
-4.052353529770202911e-02
-3.051617019461250191e-02
-2.275280533081913692e-02
-1.679650166208090933e-02
-1.227673557934128024e-02
-8.884320597752015658e-03
-6.365663273518840093e-03
-4.515864652424372849e-03
-3.171869510625535682e-03
-2.205804865985538932e-03
-1.518784390786120930e-03
-1.035385165121249784e-03
-6.988520786501695170e-04
-4.670312250860675363e-04
-3.090184387549710365e-04
-2.024419132540256072e-04
-1.313085730459961908e-04
-8.432632262800332512e-05
-5.361800697278873429e-05
-3.375476383438158479e-05
-2.103951678211757326e-05
-1.298410491323842564e-05
-9.872175172453978576e-06
