-2.416480428376672762e-01
-1.492428570692005962e-01
4.346423400527399394e-02
2.455014113647386864e-01
4.415698749801535428e-01
6.150707996644229070e-01
7.517740943494182204e-01
8.393117545217734232e-01
8.711789704306234228e-01
8.436057860737804504e-01
7.568721473030954883e-01
6.147934518136750626e-01
4.179344385535017636e-01
1.710702589432457899e-01
-1.204107249300534477e-01
-4.580129301582331891e-01
-8.409921271856291014e-01
-1.271710871163683976e+00
-1.754272284335520737e+00
-2.289889161087604208e+00
-2.887875201298410133e+00
-3.549742271991579656e+00
-4.264298266543178784e+00
-4.999438152769062782e+00
-5.644513975092401381e+00
-5.905217376112059213e+00
-5.163694373963958029e+00
-2.736285892510455398e+00
1.183750387176594643e+00
5.372132382012736684e+00
8.823326450519177300e+00
1.125339775907630369e+01
1.263620215174010397e+01
1.298787496712863287e+01
1.230534733463696995e+01
1.064046386885518558e+01
8.155656204536775533e+00
5.076331702633211762e+00
1.697182642188728607e+00
-1.621542185922947965e+00
-4.521014979001741096e+00
-6.772816320735053353e+00
-8.386091902136776355e+00
-9.552403134717998512e+00
-1.046683479301282205e+01
-1.118753984205272545e+01
-1.155113302280685872e+01
-1.116144474762414873e+01
-9.509935312475695568e+00
-6.268554850085486407e+00
-2.479652642195601331e+00
-3.909368509945068126e-01
-5.175618074258458989e-01
-1.439815515030367976e+00
-2.012917961268832379e+00
-2.005229812017669921e+00
-1.738614828247341926e+00
-1.503103994577172919e+00
-1.380123869474393139e+00
-1.308070594239393536e+00
-1.218370079987950660e+00
-1.109266984214822394e+00
-9.915593290738993204e-01
-8.743171653707606517e-01
-7.642838490842407406e-01
-6.607228144394814429e-01
-5.647819958154360886e-01
-4.788667670136448340e-01
-4.019288695554075197e-01
-3.339044732909350888e-01
-2.748291063477539264e-01
-2.240157058791560907e-01
-1.807892905621152346e-01
-1.444814605015588560e-01
-1.143207901138255655e-01
-8.956992425798560031e-02
-6.948160207954046097e-02
-5.336895639721894735e-02
-4.058628602233715910e-02
-3.056120743550405638e-02
-2.278413043059490661e-02
-1.681855761491779511e-02
-1.229184877754396776e-02
-8.894760474293383901e-03
-6.372707026691459831e-03
-4.520639820246752372e-03
-3.175040709599619149e-03
-2.207915234470392285e-03
-1.520163377495054036e-03
-1.036286080530079978e-03
-6.994310630857869526e-04
-4.674025451111285534e-04
-3.092530148046668259e-04
-2.025895493824592108e-04
-1.314001836021372327e-04
-8.438286165290964647e-05
-5.365241776356111103e-05
-3.377554828998263758e-05
-2.105188220091758211e-05
-1.299137507571046513e-05
-9.877514632439243769e-06
