-1.588931215611850689e-01
-6.396279478167343768e-02
1.300713867606297924e-01
3.245161224885215745e-01
5.033509578153925190e-01
6.516318148144826239e-01
7.559979189446721648e-01
8.075575131745438284e-01
8.021479670675653040e-01
7.368787245871608604e-01
6.144209978393249116e-01
4.375316487107099306e-01
2.073925205783169190e-01
-7.106666668428829325e-02
-3.954704443948031667e-01
-7.648836213620029412e-01
-1.183037412589261095e+00
-1.651908170001195941e+00
-2.171218695930161147e+00
-2.749489364069887642e+00
-3.389126425006370624e+00
-4.082882871728255481e+00
-4.805156263373149272e+00
-5.476358748653598951e+00
-5.870648752011064175e+00
-5.461981858768616860e+00
-3.513868093608204290e+00
7.995091538731635694e-02
4.290287996121566749e+00
7.987690940558666242e+00
1.072895069099313581e+01
1.245792218539062191e+01
1.320282477994830472e+01
1.295788552707143992e+01
1.173926394698314368e+01
9.646603085900473218e+00
6.859456656054966572e+00
3.629057467146949989e+00
2.637737720106372308e-01
-2.884713695786032872e+00
-5.521638038713682306e+00
-7.528232042443718797e+00
-9.000528822377809490e+00
-1.014088194116543207e+01
-1.108058233415999183e+01
-1.177762929139538528e+01
-1.197569676546697082e+01
-1.123850528488645040e+01
-9.028801748259057902e+00
-5.212785655186122469e+00
-1.472372749325352004e+00
-1.781723537459711793e-02
-6.268841925274699634e-01
-1.636761616152934806e+00
-2.088556034440608222e+00
-1.972708686688596558e+00
-1.686277039178734505e+00
-1.512484257309512969e+00
-1.449895462983858963e+00
-1.373025035987068598e+00
-1.259135512762616038e+00
-1.132191850452504145e+00
-9.994881285636587620e-01
-8.760428416933416784e-01
-7.645256542022882407e-01
-6.598585623793109534e-01
-5.640905044791764134e-01
-4.784500619886531414e-01
-4.016575492750897869e-01
-3.338050479258924952e-01
-2.748055254325934005e-01
-2.240565021077157715e-01
-1.808347958533265132e-01
-1.445390659799182798e-01
-1.143686303239614954e-01
-8.961482049031721520e-02
-6.951637502420138226e-02
-5.339814769741024758e-02
-4.060808811407967678e-02
-3.057837994439516205e-02
-2.279661648357511616e-02
-1.682796184936241612e-02
-1.229852994148283862e-02
-8.899618144380894158e-03
-6.376084977783191832e-03
-4.523023559576677677e-03
-3.176664743757329212e-03
-2.209031271787398332e-03
-1.520908719370606121e-03
-1.036785933623329825e-03
-6.997583809281726630e-04
-4.676170550699243478e-04
-3.093907477671464790e-04
-2.026778238203297278e-04
-1.314557447914532773e-04
-8.441768990463671685e-05
-5.367388782440141171e-05
-3.378869737957757025e-05
-2.105980117217409742e-05
-1.299609440530424820e-05
-9.881008649070821548e-06
