-7.360587438350307821e-02
2.199977341488335014e-02
2.128331374219811778e-01
3.948539034622342569e-01
5.525778253253967875e-01
6.720383838575969548e-01
7.418621505756242129e-01
7.566335568928863609e-01
7.132161507504015674e-01
6.106329555675991116e-01
4.525005232660248566e-01
2.406462970096754361e-01
-2.265945778114542009e-02
-3.334746420701861780e-01
-6.898611839072330554e-01
-1.094491509316231515e+00
-1.549531724563728119e+00
-2.054057637559299820e+00
-2.613473276337199280e+00
-3.231222936805139057e+00
-3.904137810634285444e+00
-4.612300920102228474e+00
-5.292997902657791798e+00
-5.774996350133376311e+00
-5.628204931804445366e+00
-4.119637697115434705e+00
-9.103808184437980344e-01
3.231196530279593304e+00
7.096915346288044546e+00
1.009836312277036185e+01
1.214880727066064026e+01
1.324218801314036043e+01
1.340268137261573855e+01
1.261770147887340698e+01
1.093249794191951452e+01
8.485444028512056036e+00
5.477661092593635317e+00
2.176990954840825054e+00
-1.105021228631748897e+00
-4.045276569920090992e+00
-6.430275164190135229e+00
-8.245375632545069777e+00
-9.635960091217199874e+00
-1.077883463333852632e+01
-1.172601256158267802e+01
-1.234163554729043355e+01
-1.230813580091037096e+01
-1.114991175195672923e+01
-8.314210422811861179e+00
-4.036605110807721886e+00
-6.155778015256263558e-01
1.285415256513378068e-01
-8.354740789400878498e-01
-1.846407118772004807e+00
-2.164422117959034608e+00
-1.962749437841342370e+00
-1.693304947205399813e+00
-1.578137538309273502e+00
-1.523394102538133232e+00
-1.406842858594337997e+00
-1.262587162866051660e+00
-1.122737418806146970e+00
-9.893631126399524689e-01
-8.696921737864080626e-01
-7.607746634544299003e-01
-6.577535808377459325e-01
-5.631597293059911191e-01
-4.780262309010110400e-01
-4.014821870376378277e-01
-3.337500778281641267e-01
-2.748086438924112196e-01
-2.240808884576587223e-01
-1.808690905553843598e-01
-1.445736117834546253e-01
-1.144014355590138310e-01
-8.964295324930637854e-02
-6.954033516302171591e-02
-5.341733882217913898e-02
-4.062348748511657170e-02
-3.059019447076039011e-02
-2.280570253005509418e-02
-1.683470729671365795e-02
-1.230354265138855485e-02
-8.903237456092005786e-03
-6.378696042762310725e-03
-4.524862333921908508e-03
-3.177956365733480837e-03
-2.209919977345209396e-03
-1.521517747168577017e-03
-1.037195804888368933e-03
-7.000327780134485423e-04
-4.677978036402574702e-04
-3.095090633298269722e-04
-2.027541332694227094e-04
-1.315046079590764805e-04
-8.444854667566392692e-05
-5.369321416814898384e-05
-3.380063819413692272e-05
-2.106710701588188073e-05
-1.300049934693792153e-05
-9.884308550311970976e-06
