1.316372467431392579e-02
1.071969727631625346e-01
2.902524625541254011e-01
4.555201080281250370e-01
5.882831898620679567e-01
6.758724695965732110e-01
7.098586257149861467e-01
6.870148711973342870e-01
6.055696726749708603e-01
4.660054653250860213e-01
2.718504262742840183e-01
2.538239741563330654e-02
-2.707015138876514015e-01
-6.146197628215510633e-01
-1.005336782237211679e+00
-1.445763188256531606e+00
-1.936500535726754180e+00
-2.478600550797715130e+00
-3.075855695329895667e+00
-3.726797233377300955e+00
-4.418361216867658925e+00
-5.099050787930529793e+00
-5.636869581905443738e+00
-5.685611471088199309e+00
-4.563285937155708183e+00
-1.749875976479225770e+00
2.224025691097169855e+00
6.178660098689814362e+00
9.391734695927803855e+00
1.171497839064125301e+01
1.313591219099758334e+01
1.365261503576989455e+01
1.327937295374348281e+01
1.200942444783958507e+01
9.931277276730270387e+00
7.207602665238844963e+00
4.053274728548203143e+00
7.491367341208956532e-01
-2.395112660181887065e+00
-5.109005674471291059e+00
-7.275540007784186969e+00
-8.954387300607372424e+00
-1.030841369406466868e+01
-1.146178860051342951e+01
-1.238077562269155152e+01
-1.286168081967868204e+01
-1.254145099466087032e+01
-1.089674035338141600e+01
-7.398734259016952919e+00
-2.833155207538615272e+00
6.425766246875319609e-02
1.132400961699175923e-01
-1.097659412746768481e+00
-2.034122177680110610e+00
-2.217454566286414241e+00
-1.958837892179789542e+00
-1.720843457505608853e+00
-1.628541999283867447e+00
-1.539791320553333343e+00
-1.386872681315425737e+00
-1.233651881427632269e+00
-1.099977803734157877e+00
-9.784948124760455279e-01
-8.650685412573095867e-01
-7.582830457049463124e-01
-6.564526407250736995e-01
-5.622465164125378667e-01
-4.773512118242044799e-01
-4.009425384414913029e-01
-3.333114082516013266e-01
-2.745039620953597659e-01
-2.238193577828642145e-01
-1.806878441129066148e-01
-1.444245711135853094e-01
-1.142981333913778430e-01
-8.956081262006332366e-02
-6.948347009525557283e-02
-5.337342762518892947e-02
-4.059318549930890363e-02
-3.056741019865727438e-02
-2.279006325071797345e-02
-1.682323526313722617e-02
-1.229572616857432799e-02
-8.897635868660880298e-03
-6.374914868404468749e-03
-4.522212223033950096e-03
-3.176187237680760944e-03
-2.208706378584945895e-03
-1.520717772353963326e-03
-1.036658380251243017e-03
-6.996834423138587056e-04
-4.675678838769181667e-04
-3.093618589249391704e-04
-2.026591984606307406e-04
-1.314448060180106737e-04
-8.441076018161908223e-05
-5.366982401533437752e-05
-3.378616910854059796e-05
-2.105832324517109555e-05
-1.299519250330671838e-05
-9.880349239876906609e-06
