9.677116178345102071e-02
1.868470563811399643e-01
3.575857428427937634e-01
5.020503224165899780e-01
6.064952413311104351e-01
6.598649954286095465e-01
6.569398653123670329e-01
5.963096134470831089e-01
4.766759422756479125e-01
3.000996631661507763e-01
7.033591900665214780e-02
-2.101052469137343337e-01
-5.408032233930981647e-01
-9.182820178352173457e-01
-1.344182966023684145e+00
-1.820800766536116555e+00
-2.346370477504702734e+00
-2.925806553919898079e+00
-3.556875809319624437e+00
-4.227779518060909680e+00
-4.904211093273108446e+00
-5.478953348683567981e+00
-5.675175783875252122e+00
-4.893499915744234485e+00
-2.495461036684401890e+00
1.249917269599791325e+00
5.246601815111318956e+00
8.638286041400400350e+00
1.118023113740481733e+01
1.288731209264116728e+01
1.374122015981847866e+01
1.373586896458930795e+01
1.287203042440427936e+01
1.118079935598962038e+01
8.776684700172964426e+00
5.842940398035395333e+00
2.612044210406274658e+00
-6.327499811114023487e-01
-3.602814762352259947e+00
-6.099619336588133933e+00
-8.089850564146836120e+00
-9.684430300941279768e+00
-1.102810747398184077e+01
-1.218058021029747806e+01
-1.303204825470655237e+01
-1.333141298568243371e+01
-1.268104746336653932e+01
-1.050302943877348127e+01
-6.335597965557893119e+00
-1.659933064272980374e+00
5.508554099719891184e-01
-1.818787297363755329e-02
-1.372071269986738784e+00
-2.196206386475109795e+00
-2.247672100259708650e+00
-1.959328262903272666e+00
-1.743004149244099743e+00
-1.638426220076602213e+00
-1.513778506103632182e+00
-1.351836498813289822e+00
-1.213933255823904211e+00
-1.096454490047971131e+00
-9.822098514982036122e-01
-8.686754401877094800e-01
-7.612155233309230162e-01
-6.588171167391554395e-01
-5.636054223269821861e-01
-4.785131044491799379e-01
-4.018404173883046715e-01
-3.339219034661149443e-01
-2.750249581260030274e-01
-2.241869033209422657e-01
-1.809945865816283694e-01
-1.446427236115811477e-01
-1.144745552306987157e-01
-8.968656412854536519e-02
-6.958217089262086485e-02
-5.344360977008677516e-02
-4.064677416865691839e-02
-3.060527955102010367e-02
-2.281824889448158533e-02
-1.684297011881530359e-02
-1.231006522367250611e-02
-8.907559498663508712e-03
-6.381961590169238363e-03
-4.527023521944895101e-03
-3.179528958304089770e-03
-2.210954068681103557e-03
-1.522245699924984486e-03
-1.037669659079032414e-03
-7.003565540666389921e-04
-4.680058818108401297e-04
-3.096473927409748583e-04
-2.028417258030934534e-04
-1.315613533623416487e-04
-8.448389092952091062e-05
-5.371554299937741916e-05
-3.381429209847741646e-05
-2.107551207919389213e-05
-1.300552782068642443e-05
-9.888092393772751620e-06
