1.772977847410857066e-01
2.612241945733870807e-01
4.154233693399831395e-01
5.353554976560346290e-01
6.084307092438692166e-01
6.261272834657809483e-01
5.857704256012183919e-01
4.867971871815512941e-01
3.293748111914673871e-01
1.162920092743497946e-01
-1.492511121360351467e-01
-4.653060782078846103e-01
-8.287182594071325070e-01
-1.241174747467265860e+00
-1.703694091388381793e+00
-2.213687500502281580e+00
-2.775876713758385961e+00
-3.388196082263970510e+00
-4.040331822219183522e+00
-4.705517379013901547e+00
-5.302738234408487017e+00
-5.609653312620164201e+00
-5.114969679313972506e+00
-3.128496695994812171e+00
3.477235441112149772e-01
4.315879622958357587e+00
7.834296191474919624e+00
1.057648311556152443e+01
1.252518185873477208e+01
1.367944287933230285e+01
1.401697788532118238e+01
1.353157321697101878e+01
1.222666781351892240e+01
1.017415215038722209e+01
7.511291042411947672e+00
4.429531427499895813e+00
1.183674319156168053e+00
-1.951376966605380403e+00
-4.732010926181828836e+00
-7.034052151856549528e+00
-8.896228097495502141e+00
-1.044698116742317495e+01
-1.179122111625420644e+01
-1.291848675561004711e+01
-1.366700150992441465e+01
-1.374887997331095235e+01
-1.274335273940104152e+01
-9.982558627006147489e+00
-5.079242215120425286e+00
-4.677856596847380644e-01
8.917107625289144579e-01
-2.053399620945999260e-01
-1.618024912191577513e+00
-2.303382692501626750e+00
-2.239372763725879345e+00
-1.936247714771131001e+00
-1.729097411512635851e+00
-1.605374324195607549e+00
-1.467116166174371017e+00
-1.325194454959354395e+00
-1.210217844932439224e+00
-1.100947188757300133e+00
-9.850863002993301976e-01
-8.690869179588180948e-01
-7.604358058413926980e-01
-6.576556547675145303e-01
-5.625815812485939205e-01
-4.776790203351684028e-01
-4.011294122988968702e-01
-3.333837092360882881e-01
-2.746293093643927818e-01
-2.238745271468612907e-01
-1.807685804456456991e-01
-1.444692217410635804e-01
-1.143504463580866659e-01
-8.959374265085995326e-02
-6.951647582322295627e-02
-5.339559893067424845e-02
-4.061317017003041041e-02
-3.058122956341535748e-02
-2.280161770744748573e-02
-1.683129812926131841e-02
-1.230209917998503766e-02
-8.902073432271007114e-03
-6.378270297617838480e-03
-4.524528300249630597e-03
-3.177875436457422431e-03
-2.209856939464738268e-03
-1.521530298710160878e-03
-1.037203800082098226e-03
-7.000578898798126559e-04
-4.678150583893314618e-04
-3.095272083060152113e-04
-2.027664185210165115e-04
-1.315148051522774253e-04
-8.445531498668668036e-05
-5.369823916701044197e-05
-3.380391009755179255e-05
-2.106937927059959748e-05
-1.300195637932155535e-05
-9.885486535576859524e-06
