2.510091104612897084e-01
3.266576700656607102e-01
4.603162153262125855e-01
5.523129086971891866e-01
5.917111855062451298e-01
5.727446617940508133e-01
4.944099471438789806e-01
3.569608318013557380e-01
1.618177733597399026e-01
-8.791946363682257015e-02
-3.892194760170646362e-01
-7.387512884513185440e-01
-1.137677623514829151e+00
-1.586385572355336393e+00
-2.082050379800879369e+00
-2.627271922356722911e+00
-3.221135503165704961e+00
-3.856402073921699980e+00
-4.510691398786676132e+00
-5.118236776676440059e+00
-5.506123977688478277e+00
-5.245794031217526410e+00
-3.656505748351150942e+00
-5.151640821752234700e-01
3.389885058427232423e+00
7.008821805055532650e+00
9.917418843123268601e+00
1.207561351854970511e+01
1.348247593171713632e+01
1.413774133584082549e+01
1.400185411395295887e+01
1.307349267436023155e+01
1.138402387092386903e+01
9.026237899053917602e+00
6.159549113212335669e+00
2.995784325990186403e+00
-2.113323896859213846e-01
-3.205282244775204958e+00
-5.797798505724429674e+00
-7.941541846295045559e+00
-9.720509775101390915e+00
-1.125329795431860447e+01
-1.259375929346306577e+01
-1.367092165690672800e+01
-1.428435232814655009e+01
-1.414652239869356265e+01
-1.280053400278078612e+01
-9.267769255527278816e+00
-3.504538727256706565e+00
7.591791956572038202e-01
1.108351720047735967e+00
-4.152750004687977281e-01
-1.825393716625898222e+00
-2.365976526146573278e+00
-2.210283025873720497e+00
-1.901444480136907700e+00
-1.697951230612546603e+00
-1.568594838620789744e+00
-1.445251529933925028e+00
-1.329235269991109192e+00
-1.224035957920330375e+00
-1.110665479448215809e+00
-9.883031799440118448e-01
-8.699880398753090383e-01
-7.608243023041367792e-01
-6.579511031558722411e-01
-5.629477420885908856e-01
-4.779373093591101629e-01
-4.013525512108540028e-01
-3.335736654835936843e-01
-2.747461178925892922e-01
-2.239724073690328998e-01
-1.808284280596127447e-01
-1.445175401541480831e-01
-1.143794455797102483e-01
-8.961661669208320635e-02
-6.952999994153585828e-02
-5.340607521987372763e-02
-4.061930829086890515e-02
-3.058590556382556613e-02
-2.280434773585104935e-02
-1.683334196752983569e-02
-1.230329313439304517e-02
-8.902950367444151247e-03
-6.378784043878038545e-03
-4.524897777941960797e-03
-3.178092627113437985e-03
-2.210009633438314580e-03
-1.521620283791991213e-03
-1.037265572970236249e-03
-7.000943195307751665e-04
-4.678394618723435983e-04
-3.095415759937214517e-04
-2.027758070314300554e-04
-1.315203083440685816e-04
-8.445882091745460230e-05
-5.370027842155344899e-05
-3.380517457451936991e-05
-2.107010557672595041e-05
-1.300239238899436600e-05
-9.885798811337664915e-06
