3.161461696343934591e-01
3.815238160717129290e-01
4.909472393313301097e-01
5.521369037646479683e-01
5.562582264709803326e-01
4.998536891206875055e-01
3.831155680646745054e-01
2.071856767042952185e-01
-2.552991947924709848e-02
-3.115476926543649938e-01
-6.473324446923065523e-01
-1.032674677940807584e+00
-1.467605557106626435e+00
-1.949705493635619291e+00
-2.478750846391644558e+00
-3.056352601567887461e+00
-3.675273661461559982e+00
-4.315501860471993467e+00
-4.928554027870429621e+00
-5.374726935490103941e+00
-5.305564981376351241e+00
-4.078941774707011803e+00
-1.296618963454497120e+00
2.461603274345002035e+00
6.158591067162515031e+00
9.220548107306592911e+00
1.155542681297466956e+01
1.318591825312689636e+01
1.410987078875029255e+01
1.430020140177088450e+01
1.372675216676878307e+01
1.239840880735731332e+01
1.037387108911686795e+01
7.767986162888384172e+00
4.756594339313139130e+00
1.565311303015164412e+00
-1.561102738233742571e+00
-4.396559536478179098e+00
-6.819159529537131448e+00
-8.845357401025687238e+00
-1.057835781690248211e+01
-1.210572387433931141e+01
-1.342741289177080688e+01
-1.443414433114178053e+01
-1.491267084243359875e+01
-1.458662196861250848e+01
-1.285374359071837880e+01
-8.049805041959166019e+00
-1.424969847688137392e+00
1.917279976052935098e+00
1.192337478380302684e+00
-6.440751207620927232e-01
-2.012249030330806931e+00
-2.421340134239821751e+00
-2.199250161442698470e+00
-1.885401346014812241e+00
-1.683837456390081755e+00
-1.563596075737470947e+00
-1.463079217364299467e+00
-1.354847785170846031e+00
-1.240631148256515104e+00
-1.116760471022421264e+00
-9.890326607985349128e-01
-8.704354658892583529e-01
-7.612425954658041949e-01
-6.579852322981287749e-01
-5.633249352728360027e-01
-4.779650852983685638e-01
-4.013644290545845816e-01
-3.336604170514193557e-01
-2.746989962744846858e-01
-2.240014019613923990e-01
-1.807972033302001069e-01
-1.445250059687657185e-01
-1.143609710413725500e-01
-8.961697826883652240e-02
-6.951972417755192257e-02
-5.340468088188998763e-02
-4.061383242876515087e-02
-3.058451632332059855e-02
-2.280153362029324615e-02
-1.683237229233836008e-02
-1.230189637924572477e-02
-8.902372526310431411e-03
-6.378114791157685204e-03
-4.524586498620641883e-03
-3.177783374940790218e-03
-2.209854308097503051e-03
-1.521482618623504202e-03
-1.037192870585346149e-03
-7.000353414737814362e-04
-4.678073108107527744e-04
-3.095172832080494985e-04
-2.027623170598458202e-04
-1.315107007683335993e-04
-8.445344009555544318e-05
-5.369663900045562599e-05
-3.380313608591922758e-05
-2.106879305874276298e-05
-1.300166434869964860e-05
-9.885233216211375407e-06
