3.700496069335059701e-01
4.233062588783127467e-01
5.052038148756352598e-01
5.333282589893002523e-01
5.010249278170348930e-01
4.065746986296865373e-01
2.511706034920813124e-01
3.693984843899045245e-02
-2.327886449305331951e-01
-5.545902660925392524e-01
-9.263607297371549976e-01
-1.347541083132437478e+00
-1.816479056333548669e+00
-2.331063462616555171e+00
-2.892788820648735992e+00
-3.496055911168024721e+00
-4.123525061633742439e+00
-4.735568774953577531e+00
-5.223585054381114645e+00
-5.304098337194197654e+00
-4.405832499890129483e+00
-2.002587501202077291e+00
1.567359262969164391e+00
5.286324871120173796e+00
8.478375520397108289e+00
1.097760444049770712e+01
1.280177431363200924e+01
1.396345885386812213e+01
1.443965952990774326e+01
1.420016882295172422e+01
1.322624401824167251e+01
1.154268072394277311e+01
9.229412399397340039e+00
6.425773945189746428e+00
3.325447996181296162e+00
1.541838827366746045e-01
-2.860192700683214184e+00
-5.536864712760760199e+00
-7.819844137841187148e+00
-9.768384119298545443e+00
-1.148084319589482760e+01
-1.300481211117275393e+01
-1.429665983520555272e+01
-1.522367080341414436e+01
-1.559928576166034375e+01
-1.515494620573936935e+01
-1.265612329693654381e+01
-5.800250011425649888e+00
1.151848141595374742e+00
2.753870744793152525e+00
1.108734087746112706e+00
-9.418951396905796969e-01
-2.232595579578655176e+00
-2.526631193271315468e+00
-2.257055043167166097e+00
-1.922333417792663646e+00
-1.715560966514288133e+00
-1.603471249861748937e+00
-1.507180902692478952e+00
-1.382202575911019693e+00
-1.249525062065020009e+00
-1.118075540894595932e+00
-9.890522478823280395e-01
-8.712249974914971773e-01
-7.620745815543734647e-01
-6.583041137047680458e-01
-5.639783147765011773e-01
-4.781763519018604747e-01
-4.015618160322627084e-01
-3.339096833715347046e-01
-2.747570209245182582e-01
-2.241320997358657863e-01
-1.808303327667328819e-01
-1.445895208100478335e-01
-1.143792086329205038e-01
-8.964771595763099121e-02
-6.952931904977222022e-02
-5.341888574559017222e-02
-4.061866935510860532e-02
-3.059089472397924503e-02
-2.280387664821337257e-02
-1.683515707209781720e-02
-1.230298915211802679e-02
-8.903555017524711346e-03
-6.378606170351686089e-03
-4.525074904393910913e-03
-3.177996608551114655e-03
-2.210050530062623864e-03
-1.521571980636959864e-03
-1.037269547913166612e-03
-7.000715265631507478e-04
-4.678364472153750953e-04
-3.095314442381758013e-04
-2.027730762812485210e-04
-1.315160552601835064e-04
-8.445729482409181088e-05
-5.369859195336612601e-05
-3.380447041700929134e-05
-2.106947668245595651e-05
-1.300210571775206603e-05
-9.885522832542292804e-06
