4.101292047672018271e-01
4.496119697666003390e-01
5.011945310683607602e-01
4.945241570153520172e-01
4.249780654035610894e-01
2.920677054479163814e-01
9.795445887962372922e-02
-1.539988369913452004e-01
-4.609922521638303294e-01
-8.190246724298830827e-01
-1.226484866875711788e+00
-1.682447171585252477e+00
-2.183840055245326539e+00
-2.730281592925098977e+00
-3.317959025739963153e+00
-3.933869616281839399e+00
-4.543732175835646814e+00
-5.059707718051782877e+00
-5.257141359353369126e+00
-4.642460407914514420e+00
-2.623914411977276373e+00
6.977624378089100077e-01
4.403993862276255555e+00
7.711901807730075831e+00
1.035607419344101210e+01
1.234082421410705521e+01
1.371089992396096235e+01
1.444874390345125192e+01
1.451091953672064250e+01
1.386790689223414574e+01
1.252460423076374951e+01
1.052804278119186421e+01
7.976491907058132824e+00
5.028910965998420579e+00
1.887534467512892888e+00
-1.227629725071921030e+00
-4.112697778161205520e+00
-6.645535874384563613e+00
-8.823291618407097303e+00
-1.072761489581507988e+01
-1.243582811084703366e+01
-1.395283170735982026e+01
-1.520532281757677140e+01
-1.607109242650050263e+01
-1.641780469636865902e+01
-1.580162838323636620e+01
-1.125330614222139225e+01
-2.258477519622870133e+00
3.487378311368033224e+00
3.104360234866735624e+00
8.088987494055377425e-01
-1.337418848812387040e+00
-2.520248284551087181e+00
-2.724578918574035669e+00
-2.414505397738203385e+00
-2.033936571482808375e+00
-1.798581966891060091e+00
-1.673622484641777319e+00
-1.548894617623924219e+00
-1.395176698746514177e+00
-1.248876453539825349e+00
-1.116943595431453051e+00
-9.899627014490719468e-01
-8.719960298425228906e-01
-7.630190941271768335e-01
-6.594039582331241434e-01
-5.643466259879434954e-01
-4.786628247690210003e-01
-4.019405105708799830e-01
-3.340765231670774771e-01
-2.749698331341823287e-01
-2.242327457714614614e-01
-1.809438559325541318e-01
-1.446452004827003535e-01
-1.144386399085290940e-01
-8.967750386707118437e-02
-6.955955953172643369e-02
-5.343436542586765814e-02
-4.063358491694668562e-02
-3.059869756592425993e-02
-2.281100337910479947e-02
-1.683896494510694897e-02
-1.230628786774501382e-02
-8.905351589172827431e-03
-6.380085453732919909e-03
-4.525893673954173302e-03
-3.178639321477216839e-03
-2.210410786917638148e-03
-1.521842484446978006e-03
-1.037422533432530436e-03
-7.001817724401337983e-04
-4.678991276100274987e-04
-3.095749254348190149e-04
-2.027978398105867441e-04
-1.315326306582376148e-04
-8.446671663431271071e-05
-5.370468371379555350e-05
-3.380791141305294900e-05
-2.107162191100631077e-05
-1.300330137199434688e-05
-9.886433976591391115e-06
