4.337830176759283063e-01
4.580791999223983169e-01
4.770596332307412979e-01
4.342911283828740920e-01
3.268452909518622107e-01
1.553396896490788492e-01
-7.738338857595650211e-02
-3.676528812092456633e-01
-7.109008345653116123e-01
-1.105050863781400494e+00
-1.548095999134687872e+00
-2.036867494627070840e+00
-2.569082010870381794e+00
-3.143144205557458548e+00
-3.747244803285404657e+00
-4.351531882785227623e+00
-4.888212699651663939e+00
-5.175421155709065246e+00
-4.796775496008171658e+00
-3.155024293561018212e+00
-1.262354715990099407e-01
3.518582031063818505e+00
6.911918445609247286e+00
9.691837663120061563e+00
1.182786364494612741e+01
1.337555391940724903e+01
1.433579932760266118e+01
1.466987503599985132e+01
1.433859716206224988e+01
1.332762540578168853e+01
1.165365624031034031e+01
9.384022809617647454e+00
6.640303705637393250e+00
3.596019040199180949e+00
4.546317509906003806e-01
-2.575896702179420572e+00
-5.330739463109821941e+00
-7.742515499039967608e+00
-9.850816609735780105e+00
-1.173612340357531281e+01
-1.344451978123632330e+01
-1.495254609892009512e+01
-1.617305113751373824e+01
-1.702792035225837353e+01
-1.739932945783668217e+01
-1.589513770871831611e+01
-7.797352908767658519e+00
2.040956331223144460e+00
4.817564310637242997e+00
2.960382659871614308e+00
3.042015299125395700e-01
-1.837529171973931952e+00
-2.921821787271648319e+00
-3.047760728962629173e+00
-2.667852761934824457e+00
-2.212038464543189420e+00
-1.909255300719080672e+00
-1.731464317300546618e+00
-1.561996886265710316e+00
-1.387960087448854019e+00
-1.242403553695009766e+00
-1.114989911362079589e+00
-9.911318181552344342e-01
-8.722242716851793531e-01
-7.635435384820987714e-01
-6.609675588887338193e-01
-5.640207662806013822e-01
-4.792867185072559044e-01
-4.023405354715352544e-01
-3.339973035176074800e-01
-2.752981887272976103e-01
-2.242135371239480923e-01
-1.811131999645472224e-01
-1.446470397297644483e-01
-1.145235259066319511e-01
-8.968414097566979049e-02
-6.960097328339653888e-02
-5.344028245161380752e-02
-4.065324951997806302e-02
-3.060270798475683840e-02
-2.282008937216339906e-02
-1.684133128913956057e-02
-1.231037214650199108e-02
-8.906624363092308094e-03
-6.381871126676763595e-03
-4.526531189508298247e-03
-3.179398385024789775e-03
-2.210711654336616760e-03
-1.522156046206868396e-03
-1.037557261462818126e-03
-7.003075573378536589e-04
-4.679566264074175308e-04
-3.096238758493186083e-04
-2.028212897247083646e-04
-1.315510812902598303e-04
-8.447586559512387794e-05
-5.371139935672619714e-05
-3.381132155677590845e-05
-2.107396636374936350e-05
-1.300450736207992009e-05
-9.887422644405674532e-06
