4.383784157811945192e-01
4.463062104970774158e-01
4.308394993399105033e-01
3.509651066152628118e-01
2.050630174603185196e-01
-5.307410618758723331e-03
-2.765954323369683721e-01
-6.036867665291296703e-01
-9.840995969187140702e-01
-1.414415810121738559e+00
-1.890711248651591347e+00
-2.410577783904276572e+00
-2.971206044145148439e+00
-3.563533385575986756e+00
-4.162616041993164373e+00
-4.711917136504244041e+00
-5.067717767452737831e+00
-4.886373729748774153e+00
-3.592422347928005522e+00
-8.953483226699443520e-01
2.641209029024819799e+00
6.093631673917347058e+00
8.990493172718156956e+00
1.126938205910311552e+01
1.296907533665369527e+01
1.412076702893892133e+01
1.469517444087401969e+01
1.465162123725708909e+01
1.395464445491845140e+01
1.260144653282888072e+01
1.063375877186318519e+01
8.132488455963169827e+00
5.242256481528499990e+00
2.143919563265228589e+00
-9.647033351289735492e-01
-3.894581785497564397e+00
-6.527899274029067556e+00
-8.848792169384822159e+00
-1.091838329682698117e+01
-1.280305351309859674e+01
-1.451555798369803796e+01
-1.601398039554309349e+01
-1.722488325359232775e+01
-1.811195778754590435e+01
-1.825154907277300964e+01
-1.375018120260764221e+01
-2.603138367036180512e+00
5.293326894284847484e+00
5.131907794965259839e+00
2.454453195008982291e+00
-3.595201524644515700e-01
-2.455284569837161257e+00
-3.434317149583939965e+00
-3.482206060588291407e+00
-3.002811707738251457e+00
-2.414261800442015549e+00
-1.993086997391312565e+00
-1.739676174175954770e+00
-1.539618394008211766e+00
-1.368196370697988939e+00
-1.236082797190988458e+00
-1.114601552331174972e+00
-9.918059947993205228e-01
-8.729940771460560356e-01
-7.642416868447376999e-01
-6.615684587658225979e-01
-5.641254531139967554e-01
-4.797161203968953735e-01
-4.025489529185314330e-01
-3.340907362005256509e-01
-2.754849801972615309e-01
-2.242682452177113817e-01
-1.812152553537700328e-01
-1.446836466914180885e-01
-1.145763799729300203e-01
-8.970682939338558981e-02
-6.962761806762973738e-02
-5.345330764413991353e-02
-4.066637448222876206e-02
-3.060971936062151233e-02
-2.282639788507745404e-02
-1.684490377967684527e-02
-1.231332371012749949e-02
-8.908358474776223446e-03
-6.383212437583885013e-03
-4.527336509643764551e-03
-3.179989449092590625e-03
-2.211070459550490419e-03
-1.522408291541599290e-03
-1.037710907758171430e-03
-7.004117064629555856e-04
-4.680199264101014833e-04
-3.096654384273644922e-04
-2.028463875493047297e-04
-1.315670909859401050e-04
-8.448543526839991102e-05
-5.371733696069025399e-05
-3.381482025743842712e-05
-2.107607414658652090e-05
-1.300572304896441267e-05
-9.888323384998898291e-06
