4.212655443122272914e-01
4.118406175169049277e-01
3.604230991489316693e-01
2.426418769404889986e-01
5.790407842810196826e-02
-1.912737625060820790e-01
-5.002718197889102214e-01
-8.654517464256485937e-01
-1.282448389525885801e+00
-1.746613954016783765e+00
-2.254865008623518463e+00
-2.802987954431610973e+00
-3.383491945754492747e+00
-3.977339166440959417e+00
-4.536036649012270772e+00
-4.942839485463037974e+00
-4.917235411200676864e+00
-3.941675665516665816e+00
-1.595245688015342722e+00
1.778005075186690931e+00
5.260559507711009886e+00
8.257620330045019941e+00
1.066507759534983890e+01
1.251175512149852409e+01
1.382409596010531416e+01
1.460536724048781565e+01
1.481977455845188985e+01
1.441808120229152479e+01
1.337510540595368980e+01
1.171299875317227901e+01
9.485153252198841756e+00
6.794273729782460691e+00
3.799173500190136110e+00
6.818097685401198760e-01
-2.367236573022864832e+00
-5.190267681318829318e+00
-7.720108366111702480e+00
-9.981840404375844855e+00
-1.203879355732155432e+01
-1.393582963001797026e+01
-1.565740700141575559e+01
-1.714300188558531346e+01
-1.834471909177884186e+01
-1.915246428926561961e+01
-1.800551983603444839e+01
-9.057482344255978646e+00
2.876288874382234795e+00
6.791116338463742963e+00
4.779793732373645909e+00
1.694381498593394042e+00
-1.164151847609897317e+00
-3.151956841455831437e+00
-4.032858728636915302e+00
-3.993795733854076602e+00
-3.350450334674391684e+00
-2.556846935549976330e+00
-1.984909647247754094e+00
-1.673837838544220524e+00
-1.486321346763430640e+00
-1.344211009930431189e+00
-1.229434508209929611e+00
-1.113352428045816911e+00
-9.892188693005170563e-01
-8.731977068742202697e-01
-7.639214840613373081e-01
-6.587489839507050249e-01
-5.650073982760090985e-01
-4.788272197694606325e-01
-4.019192011925154517e-01
-3.344064744252828181e-01
-2.749743508972074535e-01
-2.244001214187703042e-01
-1.809637341781602515e-01
-1.447360637047839793e-01
-1.144542796093199755e-01
-8.972525463292124748e-02
-6.956959963414788284e-02
-5.345832908846115394e-02
-4.063942306552381645e-02
-3.061017298763135663e-02
-2.281415394134933550e-02
-1.684421819763293193e-02
-1.230788091291779018e-02
-8.907655600880581837e-03
-6.380844709620747679e-03
-4.526863698997241059e-03
-3.178981995391461091e-03
-2.210803434305352866e-03
-1.521989489393638095e-03
-1.037575517019773130e-03
-7.002418928200304649e-04
-4.679565401729535168e-04
-3.095984148365760191e-04
-2.028185925142533819e-04
-1.315414068405740267e-04
-8.447393045707407566e-05
-5.370781537772373326e-05
-3.381030958626851657e-05
-2.107268187534483417e-05
-1.300405097293122481e-05
-9.886865022457058672e-06
