3.793265448966849362e-01
3.520531698353366323e-01
2.635974791642752280e-01
1.071555015406850941e-01
-1.164476140934063153e-01
-4.045525247091212862e-01
-7.521692616931296982e-01
-1.154371564326002186e+00
-1.606294902178962758e+00
-2.103219479321843721e+00
-2.639786428330509693e+00
-3.210271554116719273e+00
-3.797682719562917697e+00
-4.361061789512898912e+00
-4.807403288418477416e+00
-4.907413148036138040e+00
-4.200798775526102702e+00
-2.205984393209559968e+00
9.392543903439314334e-01
4.414253826405539982e+00
7.510700851998594274e+00
1.002493965259648334e+01
1.199477847327207769e+01
1.345747028537033785e+01
1.441740820678251822e+01
1.485805519984378975e+01
1.472666400536493114e+01
1.398223761833551038e+01
1.262336676980966388e+01
1.067998805532307927e+01
8.227123429070559268e+00
5.387040529838330372e+00
2.322144087130993739e+00
-7.823844290215902220e-01
-3.750496759398060931e+00
-6.470314906075913086e+00
-8.924203747961541922e+00
-1.115777084431906019e+01
-1.322541006614890335e+01
-1.513944992444271520e+01
-1.685809957085368893e+01
-1.831247816021638641e+01
-1.942854733689766533e+01
-1.969770062738628269e+01
-1.519883028648000334e+01
-2.878847388245969086e+00
6.726019811957584693e+00
6.991675570702341247e+00
4.009232623109983962e+00
7.559520067997773651e-01
-2.055508676296167181e+00
-3.917526216955982576e+00
-4.691635017373762651e+00
-4.511047548600300772e+00
-3.620779888252330103e+00
-2.558062713299961821e+00
-1.861156383289254812e+00
-1.565175077042695762e+00
-1.433819066110206819e+00
-1.333423981230220434e+00
-1.229339983338821884e+00
-1.114170760532378956e+00
-9.888821698656227177e-01
-8.733575514978029197e-01
-7.633214797563607767e-01
-6.576987455192742082e-01
-5.656760651375121185e-01
-4.782577050255734097e-01
-4.017931235608079854e-01
-3.345638540613615763e-01
-2.747233818119013682e-01
-2.244781895862364429e-01
-1.808306204339785728e-01
-1.447611970938218473e-01
-1.143871549219688255e-01
-8.972945383654373774e-02
-6.953637328011208485e-02
-5.345629468219104119e-02
-4.062318656490171431e-02
-3.060733394062953305e-02
-2.280633150128652531e-02
-1.684208063850078929e-02
-1.230417842184383659e-02
-8.906343287905182926e-03
-6.379129814986561620e-03
-4.526145628840794188e-03
-3.178207509238806239e-03
-2.210441136805907369e-03
-1.521649471527553033e-03
-1.037404188312329723e-03
-7.000971469731664953e-04
-4.678799235885433561e-04
-3.095387947551486718e-04
-2.027860266416992019e-04
-1.315176952817465050e-04
-8.446073800638664864e-05
-5.369873353433529672e-05
-3.380521427320815064e-05
-2.106934789047887335e-05
-1.300218194422164686e-05
-9.885395682474040768e-06
