3.097616668675655660e-01
2.639603287699081591e-01
1.376418298170705157e-01
-5.789553691663229529e-02
-3.211282451599082322e-01
-6.477639806127406530e-01
-1.033516023786223315e+00
-1.472210758130767516e+00
-1.957590927289910354e+00
-2.483935155811707318e+00
-3.044676152923887713e+00
-3.625479259020451650e+00
-4.191727559772655098e+00
-4.666783539105082923e+00
-4.863991140832554905e+00
-4.385945001140425958e+00
-2.727381664889826141e+00
1.565057984071192010e-01
3.568255517540677602e+00
6.737352759057515073e+00
9.358078776266259169e+00
1.143376097155431381e+01
1.302635598778134707e+01
1.414566495354729625e+01
1.478235322923407580e+01
1.489425568184482529e+01
1.442751397760552834e+01
1.336551926452572303e+01
1.171358590378700626e+01
9.519658239999728266e+00
6.877420559121773636e+00
3.921561377024147532e+00
8.223907265449525994e-01
-2.236462737423750013e+00
-5.111749318662901942e+00
-7.745765130649132857e+00
-1.015662639959970193e+01
-1.239585369833166340e+01
-1.449090638047468360e+01
-1.640802691859420293e+01
-1.808437791689812713e+01
-1.942278483682683188e+01
-2.021222596723134046e+01
-1.905293573043817901e+01
-9.939972014787187504e+00
3.302345577313394287e+00
8.457855231962760456e+00
6.416505015310306703e+00
3.011522093021739011e+00
-2.786257569372168064e-01
-2.998115779286258942e+00
-4.724135828944859838e+00
-5.358941403278549842e+00
-4.948155132335259054e+00
-3.691536272533725516e+00
-2.360660370133559560e+00
-1.655504963262345086e+00
-1.459496315832732982e+00
-1.405375102833247958e+00
-1.337346970068161056e+00
-1.232855986558112793e+00
-1.112247266161689563e+00
-9.890615959966799764e-01
-8.697721165023994949e-01
-7.608778255501067456e-01
-6.596457647976019523e-01
-5.629194555204697359e-01
-4.782474610458428144e-01
-4.017659409475557997e-01
-3.334201779162654367e-01
-2.749134067537235548e-01
-2.238955305925645067e-01
-1.808821740889452467e-01
-1.444619440306456060e-01
-1.143907869976162894e-01
-8.957844436148043599e-02
-6.952674546397119570e-02
-5.338180758844646157e-02
-4.061287548235448241e-02
-3.057146900944895940e-02
-2.279880071144446685e-02
-1.682523324482254612e-02
-1.229952334389194935e-02
-8.898626816006616203e-03
-6.376539516326329426e-03
-4.522702500122877112e-03
-3.176875040700299913e-03
-2.208946152622459635e-03
-1.521006918339451452e-03
-1.036773414069158683e-03
-6.998042876945609336e-04
-4.676216980338265827e-04
-3.094119987426813267e-04
-2.026836378460350474e-04
-1.314653877456661846e-04
-8.442150631726708099e-05
-5.367814879686516605e-05
-3.379074381848479192e-05
-2.106163356574430878e-05
-1.299708757296347272e-05
-9.881947706125160380e-06
