2.092227230053538278e-01
1.443786487474838509e-01
-2.064080732045070476e-02
-2.556430449716806663e-01
-5.577088235204641364e-01
-9.240166867682191310e-01
-1.347714612990323246e+00
-1.820742313811784641e+00
-2.337075251319049585e+00
-2.888807807655727089e+00
-3.462887560326453951e+00
-4.030883600333211803e+00
-4.527751679693427178e+00
-4.800354888263752784e+00
-4.511061715563940311e+00
-3.159666996313553966e+00
-5.607227562326233539e-01
2.743673802135006667e+00
5.950373835163444980e+00
8.660657083566968950e+00
1.083912205113173854e+01
1.254391352777050272e+01
1.380197810785014667e+01
1.460660586499761138e+01
1.493301780138247636e+01
1.472276225630342594e+01
1.394269880433979836e+01
1.258163747369049190e+01
1.066003456868881472e+01
8.246187454520381266e+00
5.446796348778065067e+00
2.410568521197205882e+00
-6.810763947225098036e-01
-3.664904068791571490e+00
-6.453044309880539231e+00
-9.034670821680933273e+00
-1.144371383014882326e+01
-1.371294814245150917e+01
-1.582702494872897603e+01
-1.770264751940811010e+01
-1.923513590795074180e+01
-2.029002082473731861e+01
-2.043169377882572135e+01
-1.610079813976488339e+01
-3.245532601764731240e+00
7.780112129175048352e+00
8.641997509874558503e+00
5.433088556112947387e+00
1.885432034603095275e+00
-1.374388753436136312e+00
-3.973335985830335204e+00
-5.545292089612416930e+00
-5.975448675701024115e+00
-5.194457393593902239e+00
-3.504726798572893820e+00
-2.021584257466355616e+00
-1.448569725944153674e+00
-1.408001902144378370e+00
-1.421896132660916301e+00
-1.356861539330667554e+00
-1.240362066379167238e+00
-1.113032512982457423e+00
-9.896280853447643189e-01
-8.687286683541111110e-01
-7.613091678778427518e-01
-6.610082392591776212e-01
-5.616181716941823776e-01
-4.788555590447741706e-01
-4.017439763734010905e-01
-3.330126082780818786e-01
-2.751386772139411407e-01
-2.236470536912330553e-01
-1.809724845604440135e-01
-1.443324965096384194e-01
-1.144191458137411299e-01
-8.951306911253953391e-02
-6.953180108291256989e-02
-5.334931591107927584e-02
-4.061105912094153947e-02
-3.055555939350396155e-02
-2.279603006908570428e-02
-1.681757962966390352e-02
-1.229742661091004496e-02
-8.895022738504176907e-03
-6.375260817877315134e-03
-4.521046970809683430e-03
-3.176182961049822673e-03
-2.208206503395704345e-03
-1.520662258992500071e-03
-1.036452772518403620e-03
-6.996436085311419362e-04
-4.674870975527323225e-04
-3.093412164483222426e-04
-2.026290228598348619e-04
-1.314357676851507506e-04
-8.440013011057345693e-05
-5.366634366277267532e-05
-3.378269845832893026e-05
-2.105715439404409750e-05
-1.299419537037493910e-05
-9.879923238642618344e-06
