7.450357054548817359e-02
-9.752621269377925728e-03
-2.138581141233046878e-01
-4.886753166778454727e-01
-8.312449158451080677e-01
-1.236304831140909499e+00
-1.695973344101314950e+00
-2.201656214666172673e+00
-2.744759211263229304e+00
-3.312498577797850174e+00
-3.881002766293949691e+00
-4.395216814485738865e+00
-4.726368977537156013e+00
-4.590473122578320186e+00
-3.510965638014216239e+00
-1.199785293829195965e+00
1.955194614547483667e+00
5.162379670937125908e+00
7.948815411899971650e+00
1.021834305290256850e+01
1.201239797548708310e+01
1.339011700143922567e+01
1.434299978518930629e+01
1.485717993207046561e+01
1.488065375285879099e+01
1.436240352096081807e+01
1.328308986874525743e+01
1.164136597444078802e+01
9.477061194147168521e+00
6.871155502826596262e+00
3.947697552486502559e+00
8.789783664195880419e-01
-2.158091411607216514e+00
-5.058170186437280336e+00
-7.791602193160656498e+00
-1.036725943611153866e+01
-1.281034307775553316e+01
-1.511514442777928480e+01
-1.720072618195192149e+01
-1.892769182478111389e+01
-2.017049740204168984e+01
-2.077688033982611771e+01
-1.965189987571183394e+01
-1.065779609209930179e+01
3.554119925917159861e+00
9.899100230924355870e+00
7.947725769503275473e+00
4.265100281124521331e+00
6.872551086504046225e-01
-2.514836028087575670e+00
-4.959471002444836074e+00
-6.325659546949436773e+00
-6.446178036635922481e+00
-5.166845144275384882e+00
-3.086008809855186996e+00
-1.641987175532812593e+00
-1.317190050990521222e+00
-1.428906027843524384e+00
-1.470478483750258469e+00
-1.377870113634266147e+00
-1.243686952162697423e+00
-1.113535297811426794e+00
-9.872263203828244293e-01
-8.701287666861281522e-01
-7.620809000833810298e-01
-6.577168983107126721e-01
-5.628643865401981028e-01
-4.780011259599434847e-01
-4.009407847148751536e-01
-3.334590842630109631e-01
-2.745228753097137542e-01
-2.238038154725670026e-01
-1.806603360959726512e-01
-1.443863764997198595e-01
-1.142610271736497207e-01
-8.952721726070023145e-02
-6.945320941835231299e-02
-5.334972809604410227e-02
-4.057289519769435859e-02
-3.055256466770428503e-02
-2.277794039947556026e-02
-1.681470077450974987e-02
-1.228905865399509967e-02
-8.893063167274339875e-03
-6.371484755314127391e-03
-4.519908660212568208e-03
-3.174522100117038725e-03
-2.207609186035686122e-03
-1.519951078750025886e-03
-1.036162446760524602e-03
-6.993475792576031580e-04
-4.673546485541857365e-04
-3.092216365735422912e-04
-2.025718729619097047e-04
-1.313889872022189209e-04
-8.437670456440393707e-05
-5.364867068446965703e-05
-3.377356159495192856e-05
-2.105074071290236049e-05
-1.299081266314949801e-05
-9.877119870438377802e-06
