-9.725860325936963591e-02
-2.016006280556617014e-01
-4.463114365112161863e-01
-7.609460705116113388e-01
-1.143519380264727658e+00
-1.586970645362882237e+00
-2.080664933707421227e+00
-2.614921419455988882e+00
-3.177655294948962705e+00
-3.746039923438235775e+00
-4.272152157793449589e+00
-4.649853942635903792e+00
-4.635938854337350534e+00
-3.792992541982988186e+00
-1.757597583758091275e+00
1.214416179249914407e+00
4.391602848579070795e+00
7.228974471587601869e+00
9.570256402399161644e+00
1.144785691990466603e+01
1.291893189799941410e+01
1.400351257368697944e+01
1.467850562269116921e+01
1.490895144257360272e+01
1.463713331070623980e+01
1.382368285492572824e+01
1.245895458819246926e+01
1.055722930721265129e+01
8.173908704010415249e+00
5.405302234806597994e+00
2.408051007591282655e+00
-6.280648929320449270e-01
-3.584906369305329576e+00
-6.432835933265877770e+00
-9.162824051644491874e+00
-1.178049760021241354e+01
-1.427569903103621840e+01
-1.656990643245503492e+01
-1.851661006707053048e+01
-1.994024671882520749e+01
-2.078609385565339096e+01
-2.082642090588774408e+01
-1.677049378833428861e+01
-3.538854716444076232e+00
8.757648715632431191e+00
1.020865943556189137e+01
6.812948296292624661e+00
2.996756758838230894e+00
-5.553578156762561946e-01
-3.665083137122127965e+00
-5.922806321966586296e+00
-7.012328059966675298e+00
-6.692699394558331960e+00
-4.854594598302391262e+00
-2.540550780638439754e+00
-1.341693074158139432e+00
-1.306743479449500533e+00
-1.510946453915632759e+00
-1.527587312248420481e+00
-1.391370109431723456e+00
-1.242658256174790310e+00
-1.113639454849302268e+00
-9.867045917574248648e-01
-8.716893334242481473e-01
-7.619391573843223853e-01
-6.559514591111519355e-01
-5.644330303152114148e-01
-4.772954036047680759e-01
-4.008316463353096548e-01
-3.339291819593693811e-01
-2.741817223653590929e-01
-2.240424047312110645e-01
-1.804904652351797534e-01
-1.444905343308501289e-01
-1.141802810149686875e-01
-8.956915432213619077e-02
-6.941566759412853838e-02
-5.336518768050313444e-02
-4.055570017248222303e-02
-3.055760673530927285e-02
-2.277016378177842970e-02
-1.681601748814509634e-02
-1.228558593524498033e-02
-8.893224892734252762e-03
-6.369955650032954608e-03
-4.519803093844143582e-03
-3.173859666172118565e-03
-2.207494608505888856e-03
-1.519669481680252510e-03
-1.036088532132328766e-03
-6.992304591018072557e-04
-4.673152199002883478e-04
-3.091741196329378383e-04
-2.025530567698607953e-04
-1.313702402794270085e-04
-8.436841720405041656e-05
-5.364150333497796908e-05
-3.377014184791082840e-05
-2.104809834080345610e-05
-1.298948123018561773e-05
-9.875944952053572479e-06
