-3.104300287243049183e-01
-4.348136687158117297e-01
-7.186476537889028293e-01
-1.075013387755667793e+00
-1.498277840589814502e+00
-1.977237809118101097e+00
-2.501538065667297417e+00
-3.059761445152357595e+00
-3.628672053870090508e+00
-4.163915249602563762e+00
-4.577777820376651263e+00
-4.661956438798483759e+00
-4.019254860953454411e+00
-2.244454636268793379e+00
5.432067613194107025e-01
3.654283789707163166e+00
6.507172060410017167e+00
8.904122366130298616e+00
1.085007364975683330e+01
1.240279797945011353e+01
1.359337231266356127e+01
1.441284924697003333e+01
1.482129508010589092e+01
1.477220615001757409e+01
1.421305496000599788e+01
1.311527768691199469e+01
1.148072025846639121e+01
9.338828219322508062e+00
6.759627881039477870e+00
3.875284220715883521e+00
8.861254175637753860e-01
-2.069274953471008871e+00
-4.976286475137442267e+00
-7.832951756035697599e+00
-1.061663460810608228e+01
-1.330413726533981844e+01
-1.581513897524717294e+01
-1.800144371191397141e+01
-1.964533154506381862e+01
-2.064659185056849822e+01
-2.108535729496029631e+01
-2.013963993568656718e+01
-1.112726906332600940e+01
4.046530898237453044e+00
1.134264328978008685e+01
9.452887042011086649e+00
5.482731715676589346e+00
1.678885042728413879e+00
-1.822795782934747422e+00
-4.801502530800703994e+00
-6.811775981502684374e+00
-7.528929332924198192e+00
-6.657656714969967027e+00
-4.324692656361179388e+00
-2.024031352643766546e+00
-1.202496338203730808e+00
-1.406126831650523989e+00
-1.620806963412218415e+00
-1.567422255152914445e+00
-1.391533907073375431e+00
-1.239025180012486071e+00
-1.111512028614023873e+00
-9.880814803822248749e-01
-8.707724142607098372e-01
-7.606969908233249811e-01
-6.580379543484662364e-01
-5.634482309734742955e-01
-4.775639201288154334e-01
-4.013041548837481542e-01
-3.334554367210007531e-01
-2.744941039422444939e-01
-2.238411328943402667e-01
-1.806302038871175908e-01
-1.443958999502282792e-01
-1.142431910795020933e-01
-8.952481644671195227e-02
-6.944293850610039343e-02
-5.334490995705887251e-02
-4.056688292536847484e-02
-3.054858533185800251e-02
-2.277444852998056213e-02
-1.681210588994475064e-02
-1.228709560631857656e-02
-8.891566305960996175e-03
-6.370429940983024508e-03
-4.519113077029679459e-03
-3.173982557957311101e-03
-2.207212282431703088e-03
-1.519688383235795470e-03
-1.035974807071071702e-03
-6.992256673707952785e-04
-4.672701408937607326e-04
-3.091676235505991244e-04
-2.025355058511424389e-04
-1.313661106163710457e-04
-8.436172618742077134e-05
-5.363940083957796645e-05
-3.376765489238042761e-05
-2.104714786710371044e-05
-1.298858575549122207e-05
-9.875458779839974000e-06
