-5.657770714959511338e-01
-7.096810638023178797e-01
-1.036061636672357622e+00
-1.434423216943724100e+00
-1.895172169330425760e+00
-2.407253057453651479e+00
-2.960041722818317567e+00
-3.529790045041554691e+00
-4.074207131629233203e+00
-4.516906035299065536e+00
-4.680689491767759947e+00
-4.206742981603763809e+00
-2.671213331919906508e+00
-6.809215597452578095e-02
2.964191340578969047e+00
5.807199826513290475e+00
8.232738339194794364e+00
1.022497365923662471e+01
1.184556263395191777e+01
1.312504567701228453e+01
1.406609582512150070e+01
1.463389024779278458e+01
1.478109994623789447e+01
1.445560750263778260e+01
1.361666810340172162e+01
1.224601068514563451e+01
1.035641500579112062e+01
7.992750472418833851e+00
5.256441758355492766e+00
2.347146269274517749e+00
-5.567709966089466889e-01
-3.454010004108482690e+00
-6.386202305029470949e+00
-9.318011386619190262e+00
-1.219240569678603947e+01
-1.493284111058459018e+01
-1.737598060254635612e+01
-1.926661911588960407e+01
-2.045357590212523746e+01
-2.106501287803754252e+01
-2.109763986642687073e+01
-1.721166038896522821e+01
-3.387971104355525398e+00
9.980844249973635840e+00
1.178366401315236089e+01
8.174317872563786835e+00
4.086132725578071501e+00
3.286579654334147449e-01
-3.106252286594731515e+00
-5.893452317530247342e+00
-7.577641155869370593e+00
-7.817897574065705513e+00
-6.366442016751795663e+00
-3.720735776618623092e+00
-1.666745884517750298e+00
-1.238915753002585163e+00
-1.568921223484061933e+00
-1.719820389436439001e+00
-1.578626933255957709e+00
-1.379787416038336545e+00
-1.235712678152061983e+00
-1.110361840500595054e+00
-9.879577825596674856e-01
-8.724110247009879693e-01
-7.613362999611976711e-01
-6.581777221212106177e-01
-5.639369138311309815e-01
-4.778186238859932766e-01
-4.014630525460631816e-01
-3.336482033384023937e-01
-2.746022183573025854e-01
-2.239495225074290552e-01
-1.806886459054842797e-01
-1.444612266624385466e-01
-1.142734825600170145e-01
-8.956198711912211063e-02
-6.945858681356920084e-02
-5.336484920781792152e-02
-4.057494357319701983e-02
-3.055873393352048772e-02
-2.277854996891781614e-02
-1.681703590494065814e-02
-1.228913550538801580e-02
-8.893862185217038530e-03
-6.371413610039011743e-03
-4.520141092210216982e-03
-3.174440030464631413e-03
-2.207655666625396584e-03
-1.519892944678247204e-03
-1.036159169770622945e-03
-6.993134665467248823e-04
-4.673440566316244826e-04
-3.092037575154193974e-04
-2.025640617324686588e-04
-1.313803543560032594e-04
-8.437233640223862352e-05
-5.364476651392724449e-05
-3.377142812222011514e-05
-2.104906729316624592e-05
-1.298985295983268173e-05
-9.876278131759619328e-06
