-8.638260990459443178e-01
-1.030904820993249871e+00
-1.400489359626927666e+00
-1.838111872957043147e+00
-2.334616248293155394e+00
-2.879195256816718285e+00
-3.449094491513911009e+00
-4.003922425077188763e+00
-4.473238283826685091e+00
-4.702927927095528204e+00
-4.371817330851701655e+00
-3.044675415457806622e+00
-6.286584226413669541e-01
2.318130509456556965e+00
5.139714721707049350e+00
7.567594507844180640e+00
9.585967900604590142e+00
1.125512378393581869e+01
1.261096952847833563e+01
1.365062542772241017e+01
1.435280240007266173e+01
1.467678076346473404e+01
1.456528055630713681e+01
1.396791725736279943e+01
1.285540379439731851e+01
1.122184566395634420e+01
9.091523469296802773e+00
6.534738662406596177e+00
3.728706830679158202e+00
9.033417820944578125e-01
-1.915483566513415781e+00
-4.847349784542828388e+00
-7.887410097072063309e+00
-1.094076986523566575e+01
-1.391090083177621750e+01
-1.662479818713557478e+01
-1.879861972077340937e+01
-2.021639771855149093e+01
-2.096157442490848055e+01
-2.126021852390767464e+01
-2.054808276215601026e+01
-1.110817682999044109e+01
5.147379912169361305e+00
1.290899496975708161e+01
1.095056756268271236e+01
6.694641183493999392e+00
2.657762882841048224e+00
-1.042081272821814508e+00
-4.363177615387453301e+00
-6.889110634361870211e+00
-8.156694360444422642e+00
-7.856110440419795893e+00
-5.906133969726200306e+00
-3.193597222335009533e+00
-1.520202796072137374e+00
-1.399511238044157224e+00
-1.732933931202993882e+00
-1.766200302926766774e+00
-1.556241550152742015e+00
-1.361690542862446840e+00
-1.229305898016767262e+00
-1.110214909084579649e+00
-9.902618479238149973e-01
-8.685587524759754707e-01
-7.610095319527996338e-01
-6.609899868934605571e-01
-5.618034372555797962e-01
-4.787094091291789200e-01
-4.017288265058192032e-01
-3.330391089931666881e-01
-2.750487620445308812e-01
-2.236482336414737926e-01
-1.809168607785958116e-01
-1.443186630048041152e-01
-1.143856170168013886e-01
-8.949751118248960857e-02
-6.951163269029969616e-02
-5.333704673262196216e-02
-4.059909821133456109e-02
-3.054733444956714283e-02
-2.278913925250170003e-02
-1.681260457732425273e-02
-1.229360796307721326e-02
-8.892234988337799351e-03
-6.373235139203070609e-03
-4.519579678902041486e-03
-3.175156031385739652e-03
-2.207475230008526523e-03
-1.520164732366713345e-03
-1.036105958022282003e-03
-6.994131018371874120e-04
-4.673300818313075311e-04
-3.092390047260140662e-04
-2.025610238556296849e-04
-1.313923581564013787e-04
-8.437192605870169615e-05
-5.364867765311753800e-05
-3.377148896666071209e-05
-2.105026609799942605e-05
-1.298992926723752106e-05
-9.876717090184783387e-06
