-1.213532983290797063e+00
-1.400185068633017949e+00
-1.809895789717934633e+00
-2.286557504595418067e+00
-2.818057725058135787e+00
-3.385238991378958673e+00
-3.952058061666171795e+00
-4.449482014520945938e+00
-4.737928296172432496e+00
-4.531664137436564488e+00
-3.392263099985335373e+00
-1.151201493614454563e+00
1.712670912363540410e+00
4.508111918057331025e+00
6.921547708808972743e+00
8.949771047605040053e+00
1.064350868505235326e+01
1.205293634447252060e+01
1.317784344305155031e+01
1.399452868212397050e+01
1.447125539518761173e+01
1.455147810614575121e+01
1.418009013262975770e+01
1.331467167946203745e+01
1.193538671513185534e+01
1.004837007765453905e+01
7.695626420417326585e+00
5.016405011985952456e+00
2.275859435895341676e+00
-4.242612624949515521e-01
-3.264118810685133099e+00
-6.339964188637665643e+00
-9.543899836816962079e+00
-1.273741974941474098e+01
-1.573540833160771513e+01
-1.823188594886538283e+01
-1.992607577769783944e+01
-2.082975808310384025e+01
-2.123404734512192604e+01
-2.132828005995654763e+01
-1.722654097779882321e+01
-2.460076560491224029e+00
1.159116921443936477e+01
1.338554888857322034e+01
9.508776479886300592e+00
5.153294918218822573e+00
1.216244189158235400e+00
-2.420979233781025641e+00
-5.564461172406012679e+00
-7.736994597202844659e+00
-8.518474373304316671e+00
-7.684284314421908846e+00
-5.415567698634667693e+00
-2.863052817289934993e+00
-1.577377165553247806e+00
-1.619752634480557951e+00
-1.857150198273378905e+00
-1.760169511827768041e+00
-1.522487936359209648e+00
-1.348841945738207926e+00
-1.232459653995847670e+00
-1.115324285190605114e+00
-9.871615382724772125e-01
-8.765601918253929092e-01
-7.649184014900467510e-01
-6.548897858489930446e-01
-5.675322734117054235e-01
-4.776672984593466342e-01
-4.011947452387175650e-01
-3.351805665097388198e-01
-2.742020909706091025e-01
-2.247097538710165487e-01
-1.805450674931889932e-01
-1.448467101684594027e-01
-1.142297450611291509e-01
-8.975412365740287335e-02
-6.945130490390905020e-02
-5.345826972349754236e-02
-4.057841594308442268e-02
-3.060295615732144814e-02
-2.278343017815653848e-02
-1.683740817443657445e-02
-1.229280116224873431e-02
-8.902995125925849962e-03
-6.373644126859812076e-03
-4.524124397878637183e-03
-3.175642607599282741e-03
-2.209344864152362753e-03
-1.520487740531928367e-03
-1.036855011236736956e-03
-6.995880056988035278e-04
-4.676221406221259258e-04
-3.093231439811328087e-04
-2.026716915937143426e-04
-1.314295318601832463e-04
-8.441257600710905251e-05
-5.366399874562333139e-05
-3.378588977975827135e-05
-2.105619383296897240e-05
-1.299479112837342853e-05
-9.879417303793047722e-06
