-1.603667616404706564e+00
-1.812760602292051715e+00
-2.265695411199732945e+00
-2.779641984454521264e+00
-3.340318992297039102e+00
-3.915730853271742973e+00
-4.439775303292119446e+00
-4.788807494736301962e+00
-4.698703453820668230e+00
-3.738336560753396043e+00
-1.659846547319242305e+00
1.124775799342295102e+00
3.905981234168294236e+00
6.309149450220209232e+00
8.323884718917931025e+00
1.003021158184419548e+01
1.146875983311438318e+01
1.265612613416361754e+01
1.357086822208859900e+01
1.417849084092404865e+01
1.442926346041826235e+01
1.426423858265303579e+01
1.363238401731133820e+01
1.250099289650974299e+01
1.086061752542028103e+01
8.731025941792651679e+00
6.206135277148831619e+00
3.543859952710306516e+00
9.622298969742644204e-01
-1.705519513089001293e+00
-4.712942589084988754e+00
-8.010812910391848618e+00
-1.140731886366287995e+01
-1.469383871975128386e+01
-1.753952980251420257e+01
-1.955855227687251841e+01
-2.068271114142858380e+01
-2.117742682380805164e+01
-2.140460491641603014e+01
-2.088035003695333103e+01
-1.026817879225695762e+01
7.114390384579071025e+00
1.461566814889825139e+01
1.242346015181427710e+01
7.858099955324192365e+00
3.605973511962123013e+00
-2.414557045796783541e-01
-3.769792818261358036e+00
-6.656053752078008756e+00
-8.400775812552101485e+00
-8.662220889705107396e+00
-7.390087894698643467e+00
-5.017793911923714489e+00
-2.740470231396784584e+00
-1.750425309114350014e+00
-1.810641409401957169e+00
-1.894205273337450812e+00
-1.700919207079031104e+00
-1.478771750177044098e+00
-1.341194272307621560e+00
-1.233517252271627118e+00
-1.112992437859662065e+00
-9.892727669155294556e-01
-8.743662296606906636e-01
-7.608992961691032342e-01
-6.578675508790161608e-01
-5.653394210865463343e-01
-4.775196828762958701e-01
-4.019202060269946308e-01
-3.340793073271245417e-01
-2.746356940487985066e-01
-2.242495706427227731e-01
-1.807430016081658097e-01
-1.446311794530313888e-01
-1.143246841718891238e-01
-8.965416572538820184e-02
-6.949589009994427968e-02
-5.341349374577808451e-02
-4.059847840112373873e-02
-3.058371812949467472e-02
-2.279202706600624850e-02
-1.682948840818931924e-02
-1.229630576114548735e-02
-8.899867367315406064e-03
-6.375003835702552912e-03
-4.522936927163545562e-03
-3.176144730560714891e-03
-2.208910429374544293e-03
-1.520664035388641366e-03
-1.036701455450650400e-03
-6.996466603075290891e-04
-4.675695570268700862e-04
-3.093415049280068274e-04
-2.026541981242635515e-04
-1.314348578986823668e-04
-8.440691067024275185e-05
-5.366537846551722168e-05
-3.378410477139492940e-05
-2.105647649841557723e-05
-1.299424814249494631e-05
-9.879458519490569302e-06
