-2.042022602203026338e+00
-2.271672726829617517e+00
-2.764016187975521177e+00
-3.312084312871412806e+00
-3.891724932490141953e+00
-4.445518792696557142e+00
-4.853239239564295815e+00
-4.880357210146078373e+00
-4.105756423760018592e+00
-2.193254447426143727e+00
5.345872240319717861e-01
3.319470911752084419e+00
5.722545718208841947e+00
7.726489906900319227e+00
9.423735290517782914e+00
1.087352687215240721e+01
1.210210463704704864e+01
1.309387229441830414e+01
1.381274426247419740e+01
1.421175939286858636e+01
1.423286828847081864e+01
1.381850855076433504e+01
1.292516261513863185e+01
1.153095564501292358e+01
9.634896662443011905e+00
7.291492532911362900e+00
4.713683116748882185e+00
2.215352897048845193e+00
-2.527783838108206282e-01
-3.074285047878277055e+00
-6.363997945726978855e+00
-9.922425096299349434e+00
-1.348343056879900814e+01
-1.670277228034098016e+01
-1.911713668177740288e+01
-2.049850958648011812e+01
-2.111868786113770824e+01
-2.138126217357983450e+01
-2.150086008900447609e+01
-1.641445864958925682e+01
-4.437055237421887455e-01
1.349891820572315382e+01
1.493034741536263965e+01
1.079451563520438029e+01
6.163699047438846890e+00
2.063418151071083173e+00
-1.695322274749958780e+00
-5.059216506316470685e+00
-7.598288948820538735e+00
-8.857206519564595482e+00
-8.635995790064884048e+00
-7.087874166863503689e+00
-4.803647953733042542e+00
-2.831146333471863841e+00
-1.994434171282069457e+00
-1.947202269699545241e+00
-1.872211777137663624e+00
-1.641446340634803214e+00
-1.466439874863013415e+00
-1.357499929734681032e+00
-1.242907466666574479e+00
-1.122608872372872657e+00
-1.001791546547975642e+00
-8.663623703386020836e-01
-7.639760992074648982e-01
-6.707223895312219852e-01
-5.598779347085192093e-01
-4.825142303908449559e-01
-4.040957668273552628e-01
-3.327735547337722366e-01
-2.769825440032294139e-01
-2.236664077316650179e-01
-1.819485893818363342e-01
-1.444021063782864323e-01
-1.149258818608551724e-01
-8.957811316632435794e-02
-6.978758286948016920e-02
-5.339627523818690769e-02
-4.073631607813377187e-02
-3.058521043497985925e-02
-2.285551098989513363e-02
-1.683463747272695432e-02
-1.232481625271752979e-02
-8.904135599338114382e-03
-6.387489675579338666e-03
-4.525616571990354053e-03
-3.181475088753660252e-03
-2.210371687536016871e-03
-1.522880711841256840e-03
-1.037426448138867308e-03
-7.005436321921854059e-04
-4.679038705430738077e-04
-3.096941562261701364e-04
-2.027991176570820286e-04
-1.315692929070300110e-04
-8.446633677694492803e-05
-5.371490610561746593e-05
-3.380721426737842705e-05
-2.107399377082597169e-05
-1.300274653448507678e-05
-9.886935170122512773e-06
