-2.519866708827564139e+00
-2.772807451585585170e+00
-3.303391155968110837e+00
-3.877547654928026333e+00
-4.453378922256717942e+00
-4.924940271136787118e+00
-5.075270274858132424e+00
-4.500337300364204651e+00
-2.782715783032006840e+00
-1.155704932461070200e-01
2.719860136294181885e+00
5.166611353436262988e+00
7.161703775379688608e+00
8.835978566007959500e+00
1.028462619034666048e+01
1.153505464734140062e+01
1.257892191488802425e+01
1.338900177858483431e+01
1.391586850294029176e+01
1.410178413178712731e+01
1.388660711608271470e+01
1.321789154889584950e+01
1.206306677526637827e+01
1.040537152276726829e+01
8.268620745546996886e+00
5.799261208695867253e+00
3.341300246966440568e+00
1.037400586928612256e+00
-1.512164288792632760e+00
-4.657943396019391002e+00
-8.291013205111070761e+00
-1.209999569332244107e+01
-1.569183831097640791e+01
-1.854942647004235567e+01
-2.027638898291797886e+01
-2.104156205240904853e+01
-2.136581493246981012e+01
-2.154353791675626084e+01
-2.073241699538678517e+01
-8.334117788977035701e+00
9.813996088365737336e+00
1.633470429491038800e+01
1.380131682566157991e+01
8.968600978360370846e+00
4.497942857441547204e+00
5.331152659446587450e-01
-3.111376568347445470e+00
-6.234184412205397763e+00
-8.354317184666758322e+00
-9.121515034826909840e+00
-8.521639489105844234e+00
-6.873907911048586783e+00
-4.766856697177761504e+00
-2.998942640589840281e+00
-2.162962011089861747e+00
-1.954956593394351572e+00
-1.769312938295864335e+00
-1.569219332182806070e+00
-1.452014474574864877e+00
-1.352469020463756166e+00
-1.245483660050199060e+00
-1.112603924048691795e+00
-9.757422091598146885e-01
-8.870562666586385703e-01
-7.662699680238400646e-01
-6.435728132876317176e-01
-5.736571900298521598e-01
-4.747070376167271677e-01
-3.993612752760560269e-01
-3.371867007197099086e-01
-2.726269539497895300e-01
-2.256902196529618765e-01
-1.798019829129506864e-01
-1.453448836203660166e-01
-1.138892370797761622e-01
-9.000127553887582454e-02
-6.930274810454273293e-02
-5.357670984074824894e-02
-4.051728468718129861e-02
-3.065767360402271713e-02
-2.275989782924903171e-02
-1.686179818807231889e-02
-1.228442488999215154e-02
-8.913503126430244450e-03
-6.370945559285856596e-03
-4.528508032633382641e-03
-3.174892519008265523e-03
-2.211118157420699504e-03
-1.520332508513910774e-03
-1.037551200106734406e-03
-6.995828022162697835e-04
-4.678874284421707941e-04
-3.093411188106465204e-04
-2.027697228736968782e-04
-1.314429774533776296e-04
-8.444761615000739852e-05
-5.367102035558346529e-05
-3.379793033397859858e-05
-2.105930271789624442e-05
-1.299870470106156972e-05
-9.880941260753672850e-06
