-3.046655282825533106e+00
-3.314249311736084280e+00
-3.875218492153628347e+00
-4.461897697130595475e+00
-4.990635539592187087e+00
-5.268677151091797128e+00
-4.917291290749526311e+00
-3.448513795784865721e+00
-8.672223300581141103e-01
2.059370353222941930e+00
4.602792419284954306e+00
6.622956796571330074e+00
8.282332734786249873e+00
9.711936137600137187e+00
1.096613706519960374e+01
1.204543500528113853e+01
1.292277755101051895e+01
1.355582151137016922e+01
1.388506844188467682e+01
1.384970656657322507e+01
1.339134488720848992e+01
1.246484310413583785e+01
1.104475575611161275e+01
9.131131144659633492e+00
6.805548133324535343e+00
4.372458894090598847e+00
2.148405489895495180e+00
-1.150138362432500116e-01
-2.977400902027099505e+00
-6.554637619558207007e+00
-1.054184262304771380e+01
-1.449609458442442644e+01
-1.783554431355270253e+01
-1.997998870682512518e+01
-2.096717215779684551e+01
-2.133340202736365754e+01
-2.150157097915271720e+01
-2.168045239232890253e+01
-1.466724762442298235e+01
2.795898258579708084e+00
1.566962804540954046e+01
1.638055964187713087e+01
1.197595341827485171e+01
7.123648051059031872e+00
2.864555137093105941e+00
-9.807003437080865638e-01
-4.468137079911116416e+00
-7.267398283044524732e+00
-8.922671552047091836e+00
-9.250096335090503885e+00
-8.408448307498558094e+00
-6.799636765694653917e+00
-4.894889574835126211e+00
-3.241346339369757246e+00
-2.296771554034987339e+00
-1.918727475854685949e+00
-1.694687763395684499e+00
-1.555787545766689206e+00
-1.486535907430816650e+00
-1.383680840061549233e+00
-1.254154998053817582e+00
-1.125667765976182899e+00
-1.004110545660160003e+00
-8.807188216174322015e-01
-7.635529203264150855e-01
-6.663730703005423806e-01
-5.682875154439466225e-01
-4.806111666768446700e-01
-4.054309766547461447e-01
-3.353236338140150874e-01
-2.764912053735956166e-01
-2.251337513169778815e-01
-1.817783685168646857e-01
-1.451609658108665712e-01
-1.148989416655846751e-01
-8.995706299700223507e-02
-6.980593506654431124e-02
-5.358097341962753113e-02
-4.076055964444602608e-02
-3.067331206172652092e-02
-2.287394824926591852e-02
-1.687576186790096244e-02
-1.233632321264199749e-02
-8.922895598223679059e-03
-6.393892749070650972e-03
-4.533964828734249330e-03
-3.184757650277147967e-03
-2.213988710432990281e-03
-1.524456319591305231e-03
-1.038949365272157088e-03
-7.012581235743553520e-04
-4.685258381760259994e-04
-3.100018864130582585e-04
-2.030450331718114398e-04
-1.316955590806578869e-04
-8.456023798120160251e-05
-5.376431256576275075e-05
-3.384170029940847257e-05
-2.109238845526828499e-05
-1.301481592108633123e-05
-9.895101448664789245e-06
