-3.597439046604776536e+00
-3.884292345263116175e+00
-4.471586635457743597e+00
-5.038828217816721633e+00
-5.436155986298802034e+00
-5.327848636573822461e+00
-4.181389423310825748e+00
-1.767345298353417249e+00
1.261397780512758970e+00
3.986106920216078819e+00
6.102103156768267311e+00
7.766453540273925427e+00
9.172825415735854193e+00
1.041235446260890640e+01
1.150660108948844851e+01
1.243326967331283583e+01
1.314910966680939453e+01
1.360061063139437465e+01
1.372380638817222120e+01
1.345659293030853831e+01
1.274713614961710562e+01
1.155974769541431613e+01
9.873405022704204725e+00
7.729140067300633632e+00
5.346218194026178594e+00
3.121033791216376585e+00
1.065882815162197517e+00
-1.425387022881622556e+00
-4.779381274180607875e+00
-8.828776823997259271e+00
-1.309052870598632978e+01
-1.692972874220518520e+01
-1.959024595621318809e+01
-2.085210981973968103e+01
-2.129929622591714633e+01
-2.151312821101031147e+01
-2.165657781512754809e+01
-1.915331303934867435e+01
-5.142986012432000820e+00
1.236817458724395280e+01
1.798762789216504387e+01
1.502422019678976639e+01
9.986311285225919931e+00
5.333539195593900217e+00
1.261825764337125122e+00
-2.452562633918944357e+00
-5.718159906657234615e+00
-8.120724009701294932e+00
-9.320445278388753252e+00
-9.310425611907252375e+00
-8.371810504996254565e+00
-6.882129112214490974e+00
-5.108572176132632592e+00
-3.388646390552512599e+00
-2.252611801551602788e+00
-1.776239522927152592e+00
-1.599214366069486637e+00
-1.537203290555746449e+00
-1.488960606237937689e+00
-1.378713003557836103e+00
-1.233127327914245175e+00
-1.120293865292783853e+00
-1.005498834352680060e+00
-8.447310554239453317e-01
-7.600894365230579375e-01
-6.799127511177491812e-01
-5.489086306540091886e-01
-4.848658359084841996e-01
-4.036956813632539554e-01
-3.293565039707401221e-01
-2.782451828844411112e-01
-2.219432585251975842e-01
-1.825776504419002189e-01
-1.435685707194402916e-01
-1.152275338703676599e-01
-8.919121929630446921e-02
-6.992631097342572044e-02
-5.322398887494617092e-02
-4.079738573180535788e-02
-3.051156324687798183e-02
-2.288122281613813591e-02
-1.680438957237317954e-02
-1.233516644388188421e-02
-8.892187871127887888e-03
-6.391472281476517914e-03
-4.521073764642946635e-03
-3.182939220849112516e-03
-2.208707551862754137e-03
-1.523394405123057460e-03
-1.036838630160130670e-03
-7.007152346493183970e-04
-4.677035034956755766e-04
-3.097484794084559567e-04
-2.027331793111875058e-04
-1.315854279401174054e-04
-8.444540428320657099e-05
-5.371929813302589451e-05
-3.380083541626444088e-05
-2.107501520831611685e-05
-1.300091256062341216e-05
-9.887170765221497959e-06
