-4.182651838395138100e+00
-4.480341929204787021e+00
-5.069632405035591205e+00
-5.561649196032657727e+00
-5.682636026637659654e+00
-4.920756322328116994e+00
-2.824146037667055964e+00
2.432469134490844453e-01
3.237164590570088762e+00
5.551930541474217051e+00
7.277963171824467281e+00
8.671662453251034464e+00
9.890365854797202871e+00
1.098049898866465668e+01
1.193324825036875225e+01
1.271224795930107376e+01
1.326284701007541145e+01
1.352399993115455601e+01
1.343106913681603487e+01
1.292191504372760846e+01
1.195494106673204726e+01
1.049883062531691280e+01
8.558001895834777883e+00
6.273434213787069780e+00
4.015031279320155022e+00
2.041523192920962515e+00
-8.954400213916358098e-02
-3.070343943043823742e+00
-7.013379145556399408e+00
-1.149264648204675154e+01
-1.580589648575821116e+01
-1.904413540318644493e+01
-2.069364967370098185e+01
-2.128116091858314718e+01
-2.151999422759950420e+01
-2.164719413895507927e+01
-2.226797915790749016e+01
-1.183017506562380383e+01
7.491216983339088031e+00
1.779298216902675733e+01
1.775617847706024577e+01
1.305537720216209152e+01
8.021231322574415401e+00
3.621468511147213576e+00
-2.943815548847723562e-01
-3.851013299067830076e+00
-6.818298111295696629e+00
-8.797589238753101171e+00
-9.600525985881041890e+00
-9.375020335843153418e+00
-8.452389527978839467e+00
-7.091499362907679682e+00
-5.331651664865781015e+00
-3.434406270711329867e+00
-2.131727413238863278e+00
-1.646759302497577515e+00
-1.554816495154896394e+00
-1.571487849832011285e+00
-1.515678435326321072e+00
-1.375024478413786611e+00
-1.268248918001018133e+00
-1.109509478182947539e+00
-9.588182726951735013e-01
-9.342334325909731341e-01
-7.744823683027688421e-01
-6.172766563491560721e-01
-6.001611634752415103e-01
-4.684535032741864446e-01
-3.973711018390072569e-01
-3.459293002414997042e-01
-2.696404948574934179e-01
-2.300628352972251545e-01
-1.784580402016178180e-01
-1.475486535445633685e-01
-1.133139085013856739e-01
-9.108517101485624767e-02
-6.907715763399424613e-02
-5.409436427621394650e-02
-4.044004602720530084e-02
-3.089761830358594974e-02
-2.273941451976269068e-02
-1.696983569390253521e-02
-1.228245752626833109e-02
-8.960810417778408699e-03
-6.373323627776872335e-03
-4.548671817336202849e-03
-3.177270029881440472e-03
-2.219487868818981191e-03
-1.521861094081811139e-03
-1.040934271475113526e-03
-7.004037468772983388e-04
-4.692181610969070604e-04
-3.097359581381020632e-04
-2.032784362269168810e-04
-1.316180113623000025e-04
-8.463616331955137184e-05
-5.374355490039839367e-05
-3.386536794092176450e-05
-2.108757320351539732e-05
-1.302173078399082584e-05
-9.893922841230917697e-06
