-4.787050286809133581e+00
-5.089045210239060424e+00
-5.641866798266946148e+00
-5.951536816067090285e+00
-5.581751006750533151e+00
-3.953996343635347799e+00
-1.037618644619310970e+00
2.230386087569089071e+00
4.884119172584771462e+00
6.779140784054558111e+00
8.204917835136651405e+00
9.404207579962392316e+00
1.048044780529790998e+01
1.144042795830495862e+01
1.225929819694275125e+01
1.288846587745211991e+01
1.326612506233724531e+01
1.332460149011761530e+01
1.300170818639077908e+01
1.224261816696268568e+01
1.100954924835491511e+01
9.286944534560703346e+00
7.143851917099254933e+00
4.874703388515939650e+00
2.875059547542264227e+00
9.943567619469035890e-01
-1.534379492707216741e+00
-5.182444087558380375e+00
-9.718653646258658796e+00
-1.444602681806041744e+01
-1.831305574107742018e+01
-2.047056571878308517e+01
-2.124842254465265512e+01
-2.151449589047444277e+01
-2.164788251217322568e+01
-2.165268791925996084e+01
-1.654684086196610693e+01
-3.543490092726067076e-01
1.537034484647193366e+01
1.931043114747254208e+01
1.606915497437169904e+01
1.090311778165315815e+01
6.120112851305542279e+00
1.947823465910005325e+00
-1.823552447539277921e+00
-5.170798845022254397e+00
-7.780929599323634704e+00
-9.342481043585674882e+00
-9.834310326602427210e+00
-9.511124612442547033e+00
-8.667697200993625728e+00
-7.385161412637675227e+00
-5.536867418616290948e+00
-3.434526869286605333e+00
-2.015153950192244636e+00
-1.581429405966743751e+00
-1.593570211323935837e+00
-1.630844067147678267e+00
-1.558196591164133338e+00
-1.407996047056985667e+00
-1.246684755912843556e+00
-1.136335944506703832e+00
-1.040383215041321474e+00
-8.561266155635571806e-01
-7.520706825478653546e-01
-6.966223481299196330e-01
-5.525097103436875656e-01
-4.870115797252064782e-01
-4.105111456576771012e-01
-3.297632325638198969e-01
-2.814245920199459627e-01
-2.227293114683936981e-01
-1.842526886310861256e-01
-1.440774604644384782e-01
-1.161448306125779650e-01
-8.949112405946668680e-02
-7.041822792978791323e-02
-5.339532892635112660e-02
-4.105216644177323015e-02
-3.060685486373648789e-02
-2.300842147434289942e-02
-1.685565271336131321e-02
-1.239644583370436148e-02
-8.918706807532705838e-03
-6.419999756010930092e-03
-4.534221799850413070e-03
-3.195783558033182814e-03
-2.214947313245674287e-03
-1.528989036694738957e-03
-1.039672852882200793e-03
-7.030720692791092574e-04
-4.689361143305204038e-04
-3.107080677874352048e-04
-2.032466469015226096e-04
-1.319625771403210024e-04
-8.465026235549011346e-05
-5.386206900548362597e-05
-3.387899808360295140e-05
-2.112681282706585506e-05
-1.302927758317640183e-05
-9.909763448057162805e-06
