-5.399965487021191279e+00
-5.682033056892855427e+00
-6.124245363889087912e+00
-6.090379956578681586e+00
-5.011611578515191567e+00
-2.506110210247122438e+00
8.774637986131867962e-01
3.967161319573287770e+00
6.192799180867105235e+00
7.746305715361177846e+00
8.956750497351034568e+00
1.001333621860186085e+01
1.096748081398519759e+01
1.180832645002664094e+01
1.249356404838961510e+01
1.296509754058233455e+01
1.315575165036539573e+01
1.299881478027131720e+01
1.243406571628160862e+01
1.141577911956650837e+01
9.911865936600548821e+00
7.950232962625364053e+00
5.720483626230986829e+00
3.643964048650900622e+00
1.866459873550127213e+00
-2.450008153536913369e-01
-3.448208935174790213e+00
-7.838556982702911569e+00
-1.283338905723016410e+01
-1.733168620012065730e+01
-2.013298043518260272e+01
-2.118519102278820299e+01
-2.149543521279620251e+01
-2.164973010645746854e+01
-2.176362118163604009e+01
-1.997070162263478821e+01
-7.616869511500516055e+00
1.071614349817836498e+01
1.971134079996490840e+01
1.877889983997184231e+01
1.396716042034675098e+01
8.824085447621691003e+00
4.312502768287657773e+00
3.311175920337632306e-01
-3.269171282396186484e+00
-6.344020696896585321e+00
-8.572648538034187027e+00
-9.773439789091021623e+00
-1.007115959647204662e+01
-9.755462102906893307e+00
-9.012226387394159488e+00
-7.717326156769045653e+00
-5.584005745370182794e+00
-3.152944722191252325e+00
-1.690847031532370259e+00
-1.422700555377458542e+00
-1.558893775028418638e+00
-1.598072566202692002e+00
-1.500192395452771166e+00
-1.351717051413787729e+00
-1.211260754280838015e+00
-1.116029847085897586e+00
-9.898518404695360040e-01
-8.267522052654761033e-01
-7.642888415944448788e-01
-6.755376191983777368e-01
-5.439596562554687154e-01
-4.855970136896488043e-01
-4.004365537698632016e-01
-3.289614781271910093e-01
-2.774730084241497918e-01
-2.214524177867404076e-01
-1.822303887297974656e-01
-1.433155739828592123e-01
-1.150498688389133273e-01
-8.907400469170057011e-02
-6.983539886811307440e-02
-5.317172573666928415e-02
-4.075260238732836271e-02
-3.048862088007120441e-02
-2.286014884974107986e-02
-1.679439615808575592e-02
-1.232567508354986963e-02
-8.887869854854790752e-03
-6.387364247490312508e-03
-4.519231150518776552e-03
-3.181224091156065192e-03
-2.207935275041927881e-03
-1.522701773312928886e-03
-1.036522294649344644e-03
-7.004442363394147719e-04
-4.675773591690246533e-04
-3.096456837021754893e-04
-2.026843578568637838e-04
-1.315476423109362969e-04
-8.442711847589379204e-05
-5.370587031439111314e-05
-3.379423551619353816e-05
-2.107043266863506403e-05
-1.299863809800516634e-05
-9.885273061227550784e-06
