-5.996433716517870494e+00
-6.221525114292983716e+00
-6.431656031377482208e+00
-5.863539897722160887e+00
-3.969666014727732062e+00
-7.940120325524926415e-01
2.660401413937035997e+00
5.380096341706000374e+00
7.218059881337174133e+00
8.520249371890191270e+00
9.577167574059838984e+00
1.051870245976355633e+01
1.136642785971677938e+01
1.208963004658349405e+01
1.263372211726102989e+01
1.293629687058605526e+01
1.292558659099410079e+01
1.253767136441426544e+01
1.172276908951894825e+01
1.043637066923976420e+01
8.671781894196669782e+00
6.541426940784830890e+00
4.402008798461167771e+00
2.595270864014537437e+00
7.798777110414221170e-01
-1.914384058883285888e+00
-5.955740900697819029e+00
-1.103173407716623444e+01
-1.608087349623700391e+01
-1.962930480044742865e+01
-2.111650634440702134e+01
-2.147465622375988659e+01
-2.163783803697754138e+01
-2.176046249102649455e+01
-2.274558575153991669e+01
-1.636100689434675104e+01
5.894382467828599204e+00
2.134047793044834407e+01
2.073302265770085384e+01
1.698864453848135980e+01
1.174234313172925681e+01
6.852785243269785553e+00
2.601415722196996683e+00
-1.211723713686787107e+00
-4.615461356789055003e+00
-7.375843367383467353e+00
-9.236270857327511408e+00
-1.016186668796462911e+01
-1.037073857800736931e+01
-1.011701429936892183e+01
-9.432045424898499064e+00
-7.986575154512619790e+00
-5.473365156319150771e+00
-2.783109078035593598e+00
-1.441815756586690256e+00
-1.381463101436737340e+00
-1.589522500774375402e+00
-1.648710836209564157e+00
-1.510955688657600327e+00
-1.358859494417346880e+00
-1.299818391489050207e+00
-1.074030367285869758e+00
-9.274997683131713799e-01
-1.028432038104435842e+00
-7.675375626917424476e-01
-5.694455350081293332e-01
-6.520660818892496380e-01
-4.504557887402543814e-01
-3.912125123857705944e-01
-3.598633273861614468e-01
-2.634206271538794830e-01
-2.370386881520731848e-01
-1.754365429799982223e-01
-1.509812132280874408e-01
-1.119160484545150824e-01
-9.272639652396585941e-02
-6.846702317459540943e-02
-5.485504930373263921e-02
-4.019086139472793917e-02
-3.123941822287412684e-02
-2.264527622915346594e-02
-1.711889139286004724e-02
-1.225023218100262934e-02
-9.023988412172334606e-03
-6.363772478679918798e-03
-4.574735597829726608e-03
-3.175132263644853126e-03
-2.229965341441486615e-03
-1.521748903018482757e-03
-1.045041218223463630e-03
-7.006526281458924643e-04
-4.707880060667024580e-04
-3.099397434557227271e-04
-2.038631472591756477e-04
-1.317321598933718363e-04
-8.484793345775454299e-05
-5.379774872216191994e-05
-3.393959374320409950e-05
-2.111075683031149453e-05
-1.304661967371778530e-05
-9.905252871034164741e-06
