-6.533651589183868680e+00
-6.643425144146917205e+00
-6.468490280750032184e+00
-5.212777708942926580e+00
-2.568309998297033658e+00
9.407387073475472761e-01
4.180777603731995029e+00
6.492729785865909875e+00
8.024865831586573961e+00
9.146818763762659898e+00
1.008956737087899214e+01
1.093703060883285971e+01
1.168251010919552613e+01
1.228166429125164427e+01
1.267477037220257330e+01
1.279310762288611159e+01
1.256551695444124306e+01
1.193741465498479215e+01
1.085896809514881056e+01
9.301640187228784384e+00
7.319324119559794894e+00
5.165870317009819246e+00
3.260138363555071805e+00
1.579793622531482811e+00
-6.475753504957992845e-01
-4.194850546226220445e+00
-9.114175839427460346e+00
-1.457715611056640626e+01
-1.889542611969127961e+01
-2.097251529551710547e+01
-2.152400490144877665e+01
-2.165579576500770287e+01
-2.174095662622508840e+01
-2.164395276446897043e+01
-2.022730013815618122e+01
-2.217068224460007286e+00
1.892784577361989662e+01
2.239558274555789552e+01
1.938515494155355867e+01
1.465538995675940726e+01
9.539260665401791073e+00
4.963041271427726997e+00
9.228657080772819654e-01
-2.723187021892542248e+00
-5.883275247867779001e+00
-8.302614525241125421e+00
-9.832351187083254729e+00
-1.056796700599945282e+01
-1.076072201581078858e+01
-1.057111335834395405e+01
-9.853444728290449817e+00
-8.172069704571773840e+00
-5.381564647555711289e+00
-2.661790908433733449e+00
-1.464102386525350852e+00
-1.529962711814953913e+00
-1.769403237492184644e+00
-1.755342862647347957e+00
-1.623025576840981365e+00
-1.453884335768482750e+00
-1.250119356618561550e+00
-1.194807149759049558e+00
-1.135613588469398749e+00
-8.005722834883224337e-01
-7.362436183931859723e-01
-7.656124358251168438e-01
-5.200630905919512159e-01
-5.053863482348884828e-01
-4.185194607971427505e-01
-3.193897407206169881e-01
-2.946483617822378553e-01
-2.181462102036634265e-01
-1.908616331731156635e-01
-1.420315213677827426e-01
-1.194511688389934267e-01
-8.863456147984671851e-02
-7.203411456458896911e-02
-5.307179804891914987e-02
-4.181912199924520124e-02
-3.050326905748368400e-02
-2.336174184677619614e-02
-1.683255641992520424e-02
-1.255459627907506981e-02
-8.919783223300892239e-03
-6.488872054598360251e-03
-4.539673467520044525e-03
-3.224992034296714216e-03
-2.219308812166143063e-03
-1.541056768416315670e-03
-1.042269463356171322e-03
-7.079280638156992822e-04
-4.702716113483829119e-04
-3.126094333325557528e-04
-2.038699621835782239e-04
-1.326857482724097537e-04
-8.492018321615280030e-05
-5.412843063667960308e-05
-3.398866105142062111e-05
-2.122123036207845814e-05
-1.307124193405950763e-05
-9.950239387768178290e-06
