-6.944858979137997324e+00
-6.862478773458885684e+00
-6.145390141767812509e+00
-4.163779419011072847e+00
-9.899693834334382103e-01
2.531848441521839632e+00
5.413907113456021492e+00
7.361449701897036846e+00
8.664217421019422716e+00
9.658086442062604249e+00
1.051427711712433322e+01
1.127494163985577558e+01
1.191509782215047153e+01
1.238168072615383863e+01
1.261039417662881590e+01
1.252709856632968410e+01
1.207052882384304837e+01
1.118749398134782780e+01
9.839764113527238010e+00
8.035477604402046836e+00
5.933458222166507312e+00
3.924743537560615891e+00
2.234265003390490278e+00
3.471666454359905174e-01
-2.651933767230886474e+00
-7.201458801004193333e+00
-1.282388679009032728e+01
-1.789761454226035653e+01
-2.068819350170855387e+01
-2.148429427834202698e+01
-2.167613196646517082e+01
-2.178686030273143714e+01
-2.190905163956176338e+01
-1.977721021945012581e+01
-9.291893063851372148e+00
1.115194386037642360e+01
2.349947148347054338e+01
2.178392673814471436e+01
1.741513315762651359e+01
1.235944430855722942e+01
7.490922001480392112e+00
3.179726564958926360e+00
-6.720601604983968969e-01
-4.115418414465999319e+00
-6.985500807422489800e+00
-9.069168957374444062e+00
-1.034139164904399877e+01
-1.098228027542230834e+01
-1.121489028564364077e+01
-1.107091656904254862e+01
-1.027009932780399026e+01
-8.368235631339837610e+00
-5.333489802980889039e+00
-2.551649052255692496e+00
-1.483420915899978709e+00
-1.628863672421597464e+00
-1.832862136289749699e+00
-1.766841753233832968e+00
-1.577615321000055637e+00
-1.386038489322959144e+00
-1.262929295348025338e+00
-1.156963391026718302e+00
-9.637490520434783825e-01
-8.457118573328892275e-01
-7.935635775904987810e-01
-6.522089161758137799e-01
-5.636134085656938630e-01
-4.854457608820242909e-01
-3.967692220821170679e-01
-3.392467693938762130e-01
-2.751245422582373479e-01
-2.260396385365747163e-01
-1.814252905023944207e-01
-1.457418760799478186e-01
-1.148144134216375623e-01
-9.035515826631956848e-02
-6.981033377708945054e-02
-5.382974298670428759e-02
-4.078962294795618337e-02
-3.081559232172004226e-02
-2.290260723962100897e-02
-1.695157699250904315e-02
-1.235708846693961416e-02
-8.961056855996574200e-03
-6.406731371898954919e-03
-4.552273505278203736e-03
-3.191887467923426591e-03
-2.222406876238536277e-03
-1.528102081145399360e-03
-1.042669941957341528e-03
-7.029990376276051833e-04
-4.701087382689150829e-04
-3.107850138843737398e-04
-2.036935104404724584e-04
-1.320292531299394057e-04
-8.481589290065816300e-05
-5.389942684763671110e-05
-3.393848162502877130e-05
-2.114440140599249673e-05
-1.304978976213178044e-05
-9.918890124582802059e-06
