-7.150754243633997476e+00
-6.793904641011017986e+00
-5.438459557523373178e+00
-2.826780804066761021e+00
5.976548142727580171e-01
3.901778948072315956e+00
6.390193755920378749e+00
8.036711607749399633e+00
9.174161298169416057e+00
1.007609750102395552e+01
1.085765803376032324e+01
1.153117179473773746e+01
1.205890063709966142e+01
1.238105617300977457e+01
1.242719999363308858e+01
1.212903368895536715e+01
1.142761424823379457e+01
1.028160133711044466e+01
8.674766192233448692e+00
6.684478879585583400e+00
4.613142874502230484e+00
2.824922676284487011e+00
1.117054833141352788e+00
-1.379012574727653373e+00
-5.408917912127691352e+00
-1.092420618145187916e+01
-1.658807801083510469e+01
-2.026226502276720964e+01
-2.150196873511913509e+01
-2.171473375242108972e+01
-2.179201242945837791e+01
-2.184770145539573605e+01
-2.234088361910883691e+01
-1.600014660058322136e+01
6.044562446038803216e+00
2.346824647008916997e+01
2.406837464146149941e+01
2.010767905217431917e+01
1.516650467318426365e+01
1.015734314931535920e+01
5.563582948547590945e+00
1.479761129236152328e+00
-2.191860553742266404e+00
-5.409946121996604518e+00
-7.982972003028500296e+00
-9.782351839830184304e+00
-1.088807606816504148e+01
-1.151772192879647605e+01
-1.182051507904027687e+01
-1.171030715742566031e+01
-1.084709052482383562e+01
-8.719337314177193932e+00
-5.231714634593755520e+00
-2.192382451299284440e+00
-1.293225096778429339e+00
-1.560436675046239507e+00
-1.733588846528466121e+00
-1.664410733007713361e+00
-1.433973477149961262e+00
-1.310854469770546871e+00
-1.319138828828308352e+00
-9.747450264982115975e-01
-8.472982095352246112e-01
-1.106266388351252017e+00
-7.302567169473015429e-01
-5.202113249021020902e-01
-7.134843785571487462e-01
-4.214296900006796465e-01
-3.774220245242743133e-01
-3.720682751603692218e-01
-2.548939006092573178e-01
-2.433675979346199281e-01
-1.711178365524262945e-01
-1.540726574535810078e-01
-1.098437180019546933e-01
-9.418136088673179085e-02
-6.752318028726966848e-02
-5.551682889757814099e-02
-3.978301457385569062e-02
-3.153079449516027477e-02
-2.247831372741115885e-02
-1.724327263606872940e-02
-1.218566611198035332e-02
-9.075553784316903183e-03
-6.340311889375671583e-03
-4.595535325427446693e-03
-3.167199532885356383e-03
-2.238143326866448568e-03
-1.519298567254856458e-03
-1.048180444560675717e-03
-6.999884040949089226e-04
-4.719657889509232263e-04
-3.097987295432869104e-04
-2.042951291548744663e-04
-1.317206459677811026e-04
-8.500262221045051803e-05
-5.380791668241347026e-05
-3.399345448684698567e-05
-2.111926101311389914e-05
-1.306466806827444316e-05
-9.910692263526144075e-06
