-7.069336116345496634e+00
-6.388631763854476731e+00
-4.392325515527385704e+00
-1.343808132450089232e+00
2.075115253015447081e+00
5.039237399258642114e+00
7.156190710238632846e+00
8.565283815106191412e+00
9.582115311922468237e+00
1.041226794701022129e+01
1.112152925755297872e+01
1.170128201284478564e+01
1.210540783938166243e+01
1.226633524884507409e+01
1.211359807299331948e+01
1.158322133270031884e+01
1.062937608268474321e+01
9.222429474420920315e+00
7.387899903153041237e+00
5.323868683574659144e+00
3.412808627371560988e+00
1.733050350205957102e+00
-3.754097038246584361e-01
-3.827415483365115279e+00
-8.992097358984452171e+00
-1.501189065029153369e+01
-1.961490279060149078e+01
-2.145093766037293648e+01
-2.174424156185332180e+01
-2.182299374151953941e+01
-2.189505168267547930e+01
-2.193669456356949254e+01
-1.924916723979141864e+01
-6.733112812495924970e-01
2.008008571894343319e+01
2.473524638173499568e+01
2.241031581100837755e+01
1.780985302400643633e+01
1.281508881643387099e+01
8.020324192285762877e+00
3.684923205962967074e+00
-2.101552773681021336e-01
-3.697911356468836175e+00
-6.665598930347123030e+00
-8.948256151596858388e+00
-1.052049074639003834e+01
-1.154173552277663362e+01
-1.221220890491830602e+01
-1.259937486922755312e+01
-1.254743082799438980e+01
-1.166079265602724391e+01
-9.029910684845503965e+00
-4.559520057243727109e+00
-1.312338600190653182e+00
-8.464861898200037871e-01
-1.340618268959181236e+00
-1.585589658020250425e+00
-1.462340760257854200e+00
-1.396953627107843765e+00
-1.337592641645396263e+00
-1.107619119652722084e+00
-1.132584505816945253e+00
-1.220831978707713539e+00
-7.125823977478216165e-01
-6.504247066695258983e-01
-8.331284536353202874e-01
-4.730146247862581088e-01
-5.004744720473095487e-01
-4.142627452041631742e-01
-3.018281254218477816e-01
-3.045376369557376561e-01
-2.089595741030588760e-01
-1.952262516037489570e-01
-1.372719708458781662e-01
-1.213817817572185875e-01
-8.624849190048244907e-02
-7.284940445782006613e-02
-5.192055275141971293e-02
-4.214029962378851302e-02
-2.996884337990157743e-02
-2.347710687521642470e-02
-1.659347112504849786e-02
-1.259087750186982380e-02
-8.816469410572791432e-03
-6.497826647943516498e-03
-4.496453598119121153e-03
-3.225907512204528871e-03
-2.201772358194520329e-03
-1.540288766473718596e-03
-1.035359131623114770e-03
-7.071880261708685111e-04
-4.676254463578111142e-04
-3.121661636379391425e-04
-2.028855725155764844e-04
-1.324651672837129368e-04
-8.456504635800943248e-05
-5.403029920258983765e-05
-3.386499053126268421e-05
-2.118106938031605324e-05
-1.303018053100402085e-05
-9.931199427493098142e-06
