-6.644786507711188506e+00
-5.639435699457468587e+00
-3.100988453289271973e+00
1.572541492675973984e-01
3.387849483478792223e+00
5.970127550265239336e+00
7.763056894501545457e+00
8.989910249532350406e+00
9.913503566703170122e+00
1.067655035265725161e+01
1.130856264073329243e+01
1.178352543788314932e+01
1.204686662465537950e+01
1.202790129631473093e+01
1.165876469177719343e+01
1.088887416705522071e+01
9.678315893745264020e+00
8.021867545160816348e+00
6.033515434346824691e+00
4.035949863348406552e+00
2.281995429684627652e+00
4.006589082556928361e-01
-2.508526736741615082e+00
-7.149150425081529647e+00
-1.321453400300714520e+01
-1.864069436869648655e+01
-2.126777040483629122e+01
-2.178073717065334591e+01
-2.186264774274630440e+01
-2.192178644244404140e+01
-2.195744196414996452e+01
-1.849497150911436449e+01
-7.693415830693337121e+00
1.194612944077348615e+01
2.510226123255365849e+01
2.441532999019502626e+01
2.046845675331147874e+01
1.553164231809540041e+01
1.060961559541720334e+01
6.047921788842181456e+00
1.933710381772364428e+00
-1.772428210336528309e+00
-5.040944734824755358e+00
-7.736614522093098856e+00
-9.760086097790541260e+00
-1.117978774293932531e+01
-1.218513296935856260e+01
-1.293115980378802377e+01
-1.341137266397360506e+01
-1.342960587537677597e+01
-1.236891657373107023e+01
-8.599411713677811875e+00
-3.134151410980507535e+00
-2.797394514188109582e-01
-5.161136029232729072e-01
-1.274541363785321124e+00
-1.542732813678497905e+00
-1.517293017977033642e+00
-1.479349854057192992e+00
-1.357369167508022834e+00
-1.264839868447565685e+00
-1.220530474918240849e+00
-9.790908471910801936e-01
-8.270868009371592500e-01
-8.209375158324481170e-01
-6.566759301308393582e-01
-5.668828075002754208e-01
-4.882466866488608392e-01
-3.943504631062986210e-01
-3.459685240036127762e-01
-2.744637863978004466e-01
-2.279047897693518010e-01
-1.810772809574423547e-01
-1.465434341461276935e-01
-1.145930753975044070e-01
-9.072298356566166344e-02
-6.967858595548737100e-02
-5.399508944368180963e-02
-4.071829522352998776e-02
-3.088633974905763413e-02
-2.286707081349081960e-02
-1.698009275636025439e-02
-1.234055078454621146e-02
-8.971828399644499186e-03
-6.399452642321445950e-03
-4.556064246274971197e-03
-3.188828900814955070e-03
-2.223636057317901482e-03
-1.526866641544222247e-03
-1.043028688152980443e-03
-7.025171346445313603e-04
-4.701977708806426293e-04
-3.106030120980651787e-04
-2.037089491905286209e-04
-1.319626574450838419e-04
-8.481527539405675498e-05
-5.387586708105462918e-05
-3.393616443725377962e-05
-2.113640257417337409e-05
-1.304830043502569481e-05
-9.915598780718681837e-06
