-5.868539015428986261e+00
-4.592420589457365310e+00
-1.678210735802721842e+00
1.587033501995939844e+00
4.518729562662080923e+00
6.730778313680492175e+00
8.256946123214977007e+00
9.340006482835157442e+00
1.018365039954414897e+01
1.087568433060702233e+01
1.141929283556398644e+01
1.177249363301687879e+01
1.187475279924014160e+01
1.165721512107644031e+01
1.106325004312320459e+01
1.004344947505123287e+01
8.575453928333104159e+00
6.715892772679595168e+00
4.693605293711968329e+00
2.828172658734970923e+00
1.025515642065315092e+00
-1.455707940517200427e+00
-5.496499941139163070e+00
-1.130668518617200391e+01
-1.733909407771236033e+01
-2.090441287439369233e+01
-2.181555353728241187e+01
-2.191611638408998886e+01
-2.196829448942360941e+01
-2.201897033354610400e+01
-2.065682384754840939e+01
-1.395182350229451629e+01
6.716337354025935902e+00
2.461251027155468307e+01
2.610848810355815175e+01
2.290275705831082931e+01
1.823387140632257797e+01
1.326061855279254331e+01
8.521099673865911939e+00
4.189027890211100669e+00
2.723492894525634256e-01
-3.244565805001485614e+00
-6.282086586256859562e+00
-8.725021602163643308e+00
-1.055298429029011942e+01
-1.189745267705612974e+01
-1.294377218556940790e+01
-1.379328513097322784e+01
-1.439914635750320571e+01
-1.446967703391960214e+01
-1.280605970878984223e+01
-7.274581934033603758e+00
-1.223146741220435985e+00
5.115633087483999475e-01
-4.574934793933564947e-01
-1.391230161736459081e+00
-1.700658667552859882e+00
-1.725019106029526128e+00
-1.578415050530389330e+00
-1.459016301154474782e+00
-1.421060196299705147e+00
-1.043374272366957012e+00
-8.792353999837301259e-01
-1.109663540212490807e+00
-7.441684246632429556e-01
-5.336910900957214654e-01
-6.986809603883763486e-01
-4.288835372011036151e-01
-3.856465052112805214e-01
-3.685842575951771005e-01
-2.576340102686699440e-01
-2.416150676100267125e-01
-1.725445030746510788e-01
-1.532589195880842414e-01
-1.105439969676412781e-01
-9.382177761449150832e-02
-6.785198634842104504e-02
-5.536522435589719127e-02
-3.993121760543827392e-02
-3.146998383379739916e-02
-2.254255353558676234e-02
-1.722018723705986964e-02
-1.221249926237155670e-02
-9.067323847765762501e-03
-6.351139672743255637e-03
-4.592815399412364386e-03
-3.171431844659067245e-03
-2.237330255975389370e-03
-1.520905218720614016e-03
-1.047972815101383404e-03
-7.005821022181280000e-04
-4.719284530864120697e-04
-3.100126409807391070e-04
-2.042964461362872797e-04
-1.317958353980186459e-04
-8.500841410929993458e-05
-5.383365649513915940e-05
-3.399730539932477313e-05
-2.112778730767317370e-05
-1.306660000088832874e-05
-9.914156630763670819e-06
