-4.794745871932207137e+00
-3.331688140802878451e+00
-2.280042327646398803e-01
2.887091205388774284e+00
5.473822917687144241e+00
7.355840081823149745e+00
8.671230512680839553e+00
9.637196042434716503e+00
1.039994286373038079e+01
1.101213351587799849e+01
1.144991271873200844e+01
1.166017215905433346e+01
1.158305490001758642e+01
1.115536428266382529e+01
1.032139188150092934e+01
9.047066310706711079e+00
7.347598477741570377e+00
5.364781108443011703e+00
3.402585991758854789e+00
1.575110245276675869e+00
-6.179346671884644593e-01
-4.083230986662115924e+00
-9.417907154254649527e+00
-1.573485942376420610e+01
-2.027611870731604427e+01
-2.180292006569203522e+01
-2.196606018184502318e+01
-2.201100787560365646e+01
-2.204965873174831970e+01
-2.322982725140275306e+01
-1.669448271022425700e+01
3.343438013925583263e+00
2.069160545839523380e+01
2.605414960761810761e+01
2.470984298980699378e+01
2.066578032274531296e+01
1.584670915963905458e+01
1.101027929158267682e+01
6.489058294592666698e+00
2.365436599482535485e+00
-1.374569285562401433e+00
-4.697232399508564527e+00
-7.502541547564071323e+00
-9.725510007387782707e+00
-1.142227787904211311e+01
-1.275898087459668773e+01
-1.389507635061042379e+01
-1.489624755580072346e+01
-1.567048303205224258e+01
-1.570718281939973870e+01
-1.242377881826667618e+01
-4.652698677512781877e+00
9.709838099095202679e-01
1.006464787935793304e+00
-6.005476553445667776e-01
-1.666763973164075097e+00
-1.940821995346143858e+00
-1.827534490083523977e+00
-1.682258534763060531e+00
-1.465432522227723133e+00
-1.156034669346247767e+00
-1.149817335571697186e+00
-1.203165919250323235e+00
-7.092906357462265277e-01
-6.508786298397151171e-01
-8.162497522153504548e-01
-4.749376787263008826e-01
-4.995660327658335564e-01
-4.124294645549474447e-01
-3.027739626739487377e-01
-3.008037740848953367e-01
-2.093253453927607088e-01
-1.934660588037657725e-01
-1.373613650684535337e-01
-1.205235705243029587e-01
-8.623964361470926043e-02
-7.243309663741948068e-02
-5.188783547535746887e-02
-4.194166246311414881e-02
-2.993900122726922408e-02
-2.338421201700535690e-02
-1.657288724251804179e-02
-1.254835419692179599e-02
-8.804174922664276259e-03
-6.478794055263303875e-03
-4.489792420486526936e-03
-3.217589857667291220e-03
-2.198426062350655741e-03
-1.536745747139800500e-03
-1.033781364458197238e-03
-7.057199506964595415e-04
-4.669220409202479161e-04
-3.115757024352294735e-04
-2.025876783102731338e-04
-1.322352080515010186e-04
-8.444489646819430817e-05
-5.394386009682783367e-05
-3.381882936370761428e-05
-2.114989510271225726e-05
-1.301336257231167082e-05
-9.917667863623691460e-06
