-3.509803984826803003e+00
-1.952540111403543222e+00
1.169206689900427421e+00
4.032895123762621381e+00
6.276297335228491647e+00
7.881329924327864944e+00
9.024583647246821272e+00
9.887007070306793821e+00
1.057042926278625572e+01
1.108520305402868900e+01
1.139464955780254485e+01
1.144571257950828880e+01
1.117172178179910702e+01
1.051556837563862246e+01
9.435773229761835523e+00
7.913706318637522941e+00
6.032453123562845576e+00
4.023614242765788163e+00
2.111058220923922590e+00
6.412617429616318532e-02
-2.912146163308705127e+00
-7.639943714143768716e+00
-1.393361981679692008e+01
-1.933713398269851780e+01
-2.165318462136402644e+01
-2.200672781570715841e+01
-2.205811659347499898e+01
-2.209669231846821802e+01
-2.212064629691034412e+01
-1.958890299325926776e+01
-2.530775912685617968e+00
1.711830575123647336e+01
2.451010844104965969e+01
2.588873840943599447e+01
2.291837080947129834e+01
1.841085070424892223e+01
1.357309831815720003e+01
8.909521825784025850e+00
4.600422734131186076e+00
6.641840119683024568e-01
-2.888211378851906375e+00
-5.995446267065759116e+00
-8.573077402633586530e+00
-1.061678804839232271e+01
-1.224099369301635676e+01
-1.361287526431414818e+01
-1.485751453430757607e+01
-1.598988430107608139e+01
-1.678176583389056731e+01
-1.591872042436190426e+01
-1.023528698144907523e+01
-1.757615614739961529e+00
1.997731506661958534e+00
7.475932101214457504e-01
-1.168554656056898011e+00
-2.210845465710810309e+00
-2.334049770073781005e+00
-2.079402387582886647e+00
-1.739243177078617641e+00
-1.435298431051786672e+00
-1.291889452519936921e+00
-1.182149600255844479e+00
-9.630204906573847090e-01
-8.875981523671701012e-01
-8.137075094466277303e-01
-6.341185054813300859e-01
-5.983333024196795247e-01
-4.791008646265868531e-01
-3.948238535282213579e-01
-3.542080088182144593e-01
-2.717634558217859597e-01
-2.324317001543024785e-01
-1.797942123253674085e-01
-1.488340457984566045e-01
-1.140285757426183766e-01
-9.183851071650850351e-02
-6.944996224053057166e-02
-5.452050986008227795e-02
-4.063518144066935456e-02
-3.112621038612051194e-02
-2.284156712060136929e-02
-1.708641229097007663e-02
-1.233522561234123849e-02
-9.017645431239063036e-03
-6.399879699699573266e-03
-4.575282030435223746e-03
-3.190180629579097982e-03
-2.231487881251825733e-03
-1.527896843095843948e-03
-1.046154532891585554e-03
-7.031115714533076044e-04
-4.714100584415348294e-04
-3.109008478202612835e-04
-2.041665609247012014e-04
-1.320983907823203296e-04
-8.498306296933488824e-05
-5.393332901826308756e-05
-3.399566034723022767e-05
-2.115922996404062673e-05
-1.306849125637388198e-05
-9.926255910785997116e-06
