   0.00000
  20.48332
  40.97971
  61.48595
  81.99877
 102.51488
 123.03098
 143.54376
 164.04990
 184.54611
 205.02907
 225.49553
 245.94222
 266.36592
 286.76347
 307.13172
 327.46760
 347.76807
 368.03020
 388.25108
 408.42792
 428.55799
 448.63866
 468.66740
 488.64176
 508.55941
 528.41815
 548.21586
 567.95057
 587.62042
 607.22370
 626.75880
 646.22427
 665.61880
 684.94122
 704.19051
 723.36579
 742.46633
 761.49156
 780.44106
 799.31456
 818.11197
 836.83331
 855.47879
 874.04878
 892.54376
 910.96443
 929.31157
 947.58617
 965.78934
 983.92232
1001.98654
1019.98351
1037.91492
1055.78258
1073.58842
1091.33450
1109.02299
1126.65619
1144.23649
1161.76640
1179.24851
1196.68550
1214.08014
1231.43529
1248.75386
1266.03883
1283.29324
1300.52017
1317.72275
1334.90414
1352.06753
1369.21612
1386.35311
1403.48174
1420.60520
1437.72669
1454.84938
1471.97642
1489.11090
1506.25589
1523.41438
1540.58931
1557.78356
1574.99991
1592.24107
1609.50964
1626.80816
1644.13901
1661.50449
1678.90678
1696.34793
1713.82983
1731.35428
1748.92290
1766.53717
1784.19843
1801.90784
1819.66642
1837.47501
1855.33428
