   0.00000
   0.00505
   0.01119
   0.01853
   0.02716
   0.03682
   0.04742
   0.05880
   0.07084
   0.08339
   0.09606
   0.10884
   0.12133
   0.13365
   0.14535
   0.15659
   0.16716
   0.17716
   0.18660
   0.19552
   0.20415
   0.21248
   0.22081
   0.22915
   0.23770
   0.24657
   0.25576
   0.26542
   0.27541
   0.28587
   0.29655
   0.30753
   0.31861
   0.32971
   0.34081
   0.35163
   0.36243
   0.37274
   0.38306
   0.39281
   0.40263
   0.41201
   0.42141
   0.43073
   0.43994
   0.44944
   0.45870
   0.46852
   0.47804
   0.48820
   0.49808
   0.50842
   0.51869
   0.52908
   0.53953
   0.54989
   0.56039
   0.57057
   0.58098
   0.59104
   0.60122
   0.61114
   0.62117
   0.63099
   0.64082
   0.65065
   0.66038
   0.67019
   0.67989
   0.68974
   0.69945
   0.70933
   0.71909
   0.72904
   0.73890
   0.74892
   0.75894
   0.76903
   0.77927
   0.78950
   0.79992
   0.81018
   0.82084
   0.83108
   0.84171
   0.85181
   0.86225
   0.87221
   0.88190
   0.89152
   0.90070
   0.91003
   0.91837
   0.92720
   0.93610
   0.94555
   0.95474
   0.96487
   0.97787
   0.99309
   1.00739
