   0.00000
   0.00513
   0.00963
   0.01322
   0.01593
   0.01796
   0.01930
   0.01998
   0.02014
   0.01994
   0.01951
   0.01900
   0.01857
   0.01837
   0.01855
   0.01922
   0.02049
   0.02242
   0.02505
   0.02840
   0.03244
   0.03711
   0.04236
   0.04808
   0.05419
   0.06058
   0.06716
   0.07383
   0.08052
   0.08717
   0.09375
   0.10023
   0.10662
   0.11295
   0.11924
   0.12555
   0.13193
   0.13843
   0.14513
   0.15206
   0.15927
   0.16681
   0.17468
   0.18291
   0.19149
   0.20042
   0.20967
   0.21923
   0.22906
   0.23912
   0.24940
   0.25986
   0.27048
   0.28124
   0.29212
   0.30314
   0.31428
   0.32556
   0.33698
   0.34857
   0.36035
   0.37233
   0.38452
   0.39695
   0.40962
   0.42254
   0.43571
   0.44911
   0.46275
   0.47660
   0.49064
   0.50486
   0.51923
   0.53374
   0.54837
   0.56311
   0.57797
   0.59294
   0.60803
   0.62328
   0.63871
   0.65435
   0.67025
   0.68646
   0.70301
   0.71994
   0.73730
   0.75510
   0.77334
   0.79203
   0.81112
   0.83054
   0.85018
   0.86994
   0.88969
   0.90902
   0.92761
   0.94570
   0.96238
   0.97584
   0.98923
