   0.00000
-1803.77331
-841.28739
 -81.69732
  66.67177
  98.92403
 118.90021
 137.79680
 156.47562
 175.01351
 193.43764
 211.76864
 230.02343
 248.21577
 266.35704
 284.45645
 302.52163
 320.55873
 338.57290
 356.56824
 374.54823
 392.51558
 410.47264
 428.42123
 446.36292
 464.29894
 482.23032
 500.15792
 518.08240
 536.00434
 553.92419
 571.84234
 589.75910
 607.67471
 625.58938
 643.50330
 661.41657
 679.32935
 697.24168
 715.15370
 733.06541
 750.97691
 768.88821
 786.79935
 804.71038
 822.62128
 840.53213
 858.44287
 876.35360
 894.26423
 912.17488
 930.08543
 947.99604
 965.90654
 983.81711
1001.72757
1019.63812
1037.54856
1055.45909
1073.36953
1091.28003
1109.19047
1127.10095
1145.01140
1162.92187
1180.83232
1198.74278
1216.65322
1234.56369
1252.47411
1270.38464
1288.29488
1306.20593
1324.11466
1342.02993
1359.92731
1377.87188
1395.69667
1413.81342
1431.24807
1450.20714
1465.91412
1488.22816
1497.79187
1530.66111
1523.31110
1581.25716
1539.87973
1639.40243
1553.51278
1692.53900
1581.90524
1722.61989
1636.29865
1731.49287
1700.46162
1744.01581
1751.32976
1772.42580
1789.74405
1807.69661
