   0.00000
  20.48332
  40.97971
  61.48595
  81.99877
 102.51487
 123.03097
 143.54374
 164.04988
 184.54607
 205.02903
 225.49548
 245.94215
 266.36585
 286.76338
 307.13161
 327.46746
 347.76792
 368.03002
 388.25087
 408.42768
 428.55773
 448.63836
 468.66706
 488.64138
 508.55899
 528.41769
 548.21536
 567.95002
 587.61982
 607.22305
 626.75810
 646.22352
 665.61801
 684.94038
 704.18962
 723.36485
 742.46533
 761.49051
 780.43997
 799.31343
 818.11079
 836.83210
 855.47754
 874.04750
 892.54245
 910.96308
 929.31021
 947.58478
 965.78794
 983.92091
1001.98511
1019.98209
1037.91350
1055.78117
1073.58703
1091.33312
1109.02164
1126.65487
1144.23521
1161.76516
1179.24731
1196.68435
1214.07905
1231.43427
1248.75291
1266.03794
1283.29243
1300.51945
1317.72211
1334.90359
1352.06707
1369.21575
1386.35284
1403.48157
1420.60513
1437.72673
1454.84953
1471.97667
1489.11126
1506.25635
1523.41493
1540.58998
1557.78432
1575.00077
1592.24202
1609.51068
1626.80929
1644.14022
1661.50579
1678.90815
1696.34937
1713.83134
1731.35584
1748.92451
1766.53883
1784.20012
1801.90957
1819.66817
1837.47677
1855.33605
