   0.00000
  20.47853
  40.97012
  61.47154
  81.97954
 102.49084
 123.00216
 143.51018
 164.01161
 184.50315
 204.98152
 225.44345
 245.88569
 266.30505
 286.69835
 307.06246
 327.39432
 347.69092
 367.94930
 388.16659
 408.33999
 428.46680
 448.54437
 468.57019
 488.54182
 508.45694
 528.31335
 548.10894
 567.84174
 587.50990
 607.11171
 626.64557
 646.11003
 665.50379
 684.82568
 704.07467
 723.24989
 742.35061
 761.37627
 780.32645
 799.20087
 817.99943
 836.72217
 855.36929
 873.94115
 892.43824
 910.86123
 929.21094
 947.48831
 965.69447
 983.83065
1001.89826
1019.89883
1037.83402
1055.70564
1073.51562
1091.26599
1108.95893
1126.59673
1144.18176
1161.71651
1179.20358
1196.64563
1214.04543
1231.40582
1248.72969
1266.02001
1283.27982
1300.51218
1317.72020
1334.90704
1352.07587
1369.22988
1386.37226
1403.50623
1420.63497
1437.76167
1454.88949
1472.02155
1489.16095
1506.31073
1523.47387
1540.65332
1557.85192
1575.07245
1592.31761
1609.59000
1626.89213
1644.22638
1661.59505
1679.00029
1696.44415
1713.92853
1731.45519
1749.02577
1766.64174
1784.30441
1802.01497
1819.77441
1837.58358
1855.44314
