   0.00000
   0.00954
   0.01922
   0.02897
   0.03885
   0.04885
   0.05890
   0.06906
   0.07925
   0.08947
   0.09973
   0.10998
   0.12021
   0.13036
   0.14051
   0.15061
   0.16060
   0.17059
   0.18049
   0.19036
   0.20027
   0.21007
   0.21992
   0.22981
   0.23972
   0.24964
   0.25964
   0.26961
   0.27971
   0.28978
   0.29986
   0.30997
   0.32009
   0.33018
   0.34023
   0.35031
   0.36028
   0.37029
   0.38025
   0.39017
   0.40008
   0.41004
   0.41988
   0.42988
   0.43977
   0.44975
   0.45975
   0.46976
   0.47976
   0.48984
   0.49993
   0.50992
   0.52010
   0.53007
   0.54018
   0.55021
   0.56023
   0.57020
   0.58019
   0.59019
   0.60009
   0.61002
   0.62005
   0.62984
   0.63993
   0.64982
   0.65977
   0.66983
   0.67979
   0.68984
   0.69986
   0.70999
   0.71994
   0.73006
   0.74016
   0.75014
   0.76017
   0.77026
   0.78011
   0.79026
   0.80009
   0.81004
   0.82002
   0.82995
   0.83982
   0.84979
   0.85980
   0.86970
   0.87982
   0.88981
   0.89986
   0.91000
   0.92023
   0.93017
   0.94041
   0.95048
   0.96048
   0.97045
   0.98028
   0.98950
   0.99930
