2.244740158764283819e+02
2.245342531738802450e+02
2.248388209958492041e+02
2.254691276280938155e+02
2.262071778439616310e+02
2.268641225018905629e+02
2.274562326920874114e+02
2.279902915680241335e+02
2.284608605280426445e+02
2.288858831975388455e+02
2.292668690866725285e+02
2.296118353343252636e+02
2.299260661701121649e+02
2.302128967262314063e+02
2.304770838065157363e+02
2.307206931177874765e+02
2.309468612462345618e+02
2.311574610982386559e+02
2.313545386169003280e+02
2.315396805470803372e+02
2.317144362350532845e+02
2.318798830100084842e+02
2.320366942916166408e+02
2.321854428104983583e+02
2.323265944040743136e+02
2.324597553213607171e+02
2.325843795054066163e+02
2.326987386141454692e+02
2.328007570173208762e+02
2.328868035607571585e+02
2.329524945147352071e+02
2.329913481273591742e+02
2.329952473447833938e+02
2.329531069050372594e+02
2.328481742016597593e+02
2.326655820391515874e+02
2.323852554962506360e+02
2.319835803859299119e+02
2.314335095271217995e+02
2.306811295514249309e+02
2.296887097041191339e+02
2.284256096970006524e+02
2.268174056373862015e+02
2.247699011481449816e+02
2.222827731822976887e+02
2.191661906896567018e+02
2.154334587758235102e+02
2.109262083238121477e+02
2.055932928706334053e+02
1.993462969091185073e+02
1.921257149609699582e+02
1.839198449322519480e+02
1.747253794467321200e+02
1.646451253555650283e+02
1.537317417208466281e+02
1.423048862978200759e+02
1.303280827923380230e+02
1.184568899539078615e+02
1.064189024013819278e+02
9.490707471734293676e+01
8.411450445609345650e+01
7.384920710095865104e+01
6.459758280947755793e+01
5.638294767770345572e+01
4.919212838807452925e+01
4.287266078907738631e+01
3.750576614903623351e+01
3.301047737743757438e+01
2.928742369544956858e+01
2.623723172862535336e+01
2.376383144367681410e+01
2.177803759941383888e+01
2.019891495710362506e+01
1.895490420095626405e+01
1.798381353518211512e+01
1.723260501984385229e+01
1.665667139590085100e+01
1.621904920364190517e+01
1.588947793254152430e+01
1.564349574531393117e+01
1.546154587397704638e+01
1.532817525001407510e+01
1.523130168890204139e+01
1.516158240860000816e+01
1.511186834715023153e+01
1.507674882103598790e+01
1.505217115248181514e+01
1.503513297592430753e+01
1.502343321326155845e+01
1.501547569072216426e+01
1.501011515995501178e+01
1.500653874218001071e+01
1.500417563785780395e+01
1.500262933960526723e+01
1.500162734746960780e+01
1.500098439924693494e+01
1.500057588949163723e+01
1.500031890246257760e+01
1.500015885228204482e+01
1.500006018778259076e+01
1.500000000000000000e+01
