1.500000000000000000e+01
3.938622161595382209e+01
6.376253229434056635e+01
8.811906155250893846e+01
1.124460491461954916e+02
1.367338615436854354e+02
1.609730617525145817e+02
1.851544336123396022e+02
2.092690356354233927e+02
2.333082336357034592e+02
2.572637402430564748e+02
2.811276479805285931e+02
3.048924603516645675e+02
3.285511195844691770e+02
3.520970309835642524e+02
3.755240838198508868e+02
3.988266686538968315e+02
4.219996910477070742e+02
4.450385816582421512e+02
4.679393027395919944e+02
4.906983511150885988e+02
5.133127577131660928e+02
5.357800837907119558e+02
5.580984139949448490e+02
5.802663464392833248e+02
6.022829799900243870e+02
6.241478989787835872e+02
6.458611555704998182e+02
6.674232500283429772e+02
6.888351091251189473e+02
7.100980629558150667e+02
7.312138204078817125e+02
7.521844435448628019e+02
7.730123211552531757e+02
7.937001417121887243e+02
8.142508659809980145e+02
8.346676995010326436e+02
8.549540651557888395e+02
8.751135760314166419e+02
8.951500087485777613e+02
9.150672774364979887e+02
9.348694085012502910e+02
9.545605163230566177e+02
9.741447799999398285e+02
9.936264212376224805e+02
1.013009683468377148e+03
1.032298812264740263e+03
1.051498037097816450e+03
1.070611554474430022e+03
1.089643512472779094e+03
1.108597996682586199e+03
1.127479017543136479e+03
1.146290499061074115e+03
1.165036268879438921e+03
1.183720049660224731e+03
1.202345451734654034e+03
1.220915966968480461e+03
1.239434963783832245e+03
1.257905683274428156e+03
1.276331236347338518e+03
1.294714601821800215e+03
1.313058625413849995e+03
1.331366019534640600e+03
1.349639363830201091e+03
1.367881106390977948e+03
1.386093565560712250e+03
1.404278932275990201e+03
1.422439272870012246e+03
1.440576532276804528e+03
1.458692537575034976e+03
1.476789001813853702e+03
1.494867528066592513e+03
1.512929613661729945e+03
1.530976654544178018e+03
1.549009949723621503e+03
1.567030705770284612e+03
1.585040041322110028e+03
1.603038991570826056e+03
1.621028512697769884e+03
1.639009486233603184e+03
1.656982723319211118e+03
1.674948968848178311e+03
1.692908905474234871e+03
1.710863157470108490e+03
1.728812294427110373e+03
1.746756834787492608e+03
1.764697249203740057e+03
1.782633963720039901e+03
1.800567362770305408e+03
1.818497791983079878e+03
1.836425560773856887e+03
1.854350944686648290e+03
1.872274187418893916e+03
1.890195502445380953e+03
1.908115074207547195e+03
1.926033059038244119e+03
1.943949586270688542e+03
1.961864759788886204e+03
1.979778659662722021e+03
1.997691349683189856e+03
2.015602857674965662e+03
