   0.00000
  -0.00504
   0.00215
   0.00883
   0.00197
  -0.00810
  -0.00106
   0.02687
   0.06201
   0.08853
   0.10348
   0.12503
   0.17604
   0.24488
   0.27925
   0.23872
   0.14382
   0.05818
   0.03888
   0.10356
   0.21371
   0.29721
   0.30089
   0.22735
   0.12200
   0.05869
   0.12211
   0.32184
   0.52448
   0.55132
   0.37519
   0.17599
   0.15209
   0.29467
   0.41647
   0.39049
   0.30265
   0.30524
   0.40330
   0.47341
   0.45315
   0.40839
   0.41437
   0.44255
   0.41206
   0.32616
   0.29797
   0.40339
   0.55582
   0.61225
   0.56303
   0.52480
   0.56564
   0.62853
   0.62076
   0.52987
   0.44204
   0.45210
   0.55026
   0.63220
   0.63667
   0.60975
   0.60583
   0.61522
   0.61749
   0.62785
   0.65444
   0.67374
   0.67450
   0.68279
   0.72037
   0.76828
   0.78684
   0.76401
   0.72582
   0.71045
   0.73167
   0.76844
   0.79043
   0.78793
   0.77935
   0.78848
   0.81198
   0.82489
   0.81982
   0.82224
   0.85557
   0.90506
   0.93143
   0.91990
   0.89748
   0.89454
   0.90862
   0.91936
   0.92303
   0.93780
   0.97339
   1.00822
   1.01244
   0.98653
   0.96370
