   0.00000
   0.00502
   0.01134
   0.01674
   0.02120
   0.02825
   0.03894
   0.05324
   0.07131
   0.09224
   0.11160
   0.12630
   0.13604
   0.14179
   0.14910
   0.15985
   0.16407
   0.15950
   0.16391
   0.19482
   0.23232
   0.23308
   0.19990
   0.18864
   0.23288
   0.28536
   0.27813
   0.22439
   0.20359
   0.25350
   0.32687
   0.35989
   0.34698
   0.32149
   0.31102
   0.33246
   0.38379
   0.44037
   0.45643
   0.42054
   0.37943
   0.37118
   0.38853
   0.40959
   0.42599
   0.44139
   0.44269
   0.43189
   0.43696
   0.47038
   0.50931
   0.53233
   0.53822
   0.55192
   0.57291
   0.58304
   0.58265
   0.58017
   0.58604
   0.59619
   0.60217
   0.61082
   0.62018
   0.62576
   0.62466
   0.62081
   0.61832
   0.63277
   0.66585
   0.70125
   0.71244
   0.69666
   0.69035
   0.71204
   0.73676
   0.75484
   0.78054
   0.83580
   0.89359
   0.90686
   0.86666
   0.81981
   0.78543
   0.74708
   0.69543
   0.68359
   0.76201
   0.88257
   0.94237
   0.92049
   0.88764
   0.92020
   0.99122
   1.02756
   1.00724
   0.97224
   0.96008
   0.96254
   0.96319
   0.96493
   0.97345
