   0.00000
  18.49059
  36.98780
  55.49091
  73.99915
  92.51177
 111.02798
 129.54700
 148.06801
 166.59021
 185.11277
 203.63489
 222.15572
 240.67443
 259.19020
 277.70220
 296.20960
 314.71158
 333.20733
 351.69605
 370.17693
 388.64920
 407.11209
 425.56485
 444.00675
 462.43706
 480.85510
 499.26020
 517.65171
 536.02901
 554.39151
 572.73865
 591.06989
 609.38473
 627.68271
 645.96340
 664.22639
 682.47133
 700.69790
 718.90581
 737.09482
 755.26473
 773.41537
 791.54663
 809.65843
 827.75073
 845.82355
 863.87693
 881.91098
 899.92583
 917.92165
 935.89869
 953.85721
 971.79751
 989.71995
1007.62492
1025.51286
1043.38424
1061.23958
1079.07942
1096.90435
1114.71499
1132.51200
1150.29606
1168.06790
1185.82826
1203.57792
1221.31768
1239.04835
1256.77080
1274.48587
1292.19446
1309.89747
1327.59580
1345.29037
1362.98211
1380.67197
1398.36086
1416.04975
1433.73956
1451.43122
1469.12565
1486.82379
1504.52652
1522.23473
1539.94930
1557.67108
1575.40089
1593.13953
1610.88778
1628.64638
1646.41605
1664.19745
1681.99123
1699.79797
1717.61825
1735.45255
1753.30136
1771.16509
1789.04409
1806.93868
