   0.00000
  31.05615
  59.15405
  84.83098
 108.52755
 130.60527
 151.36082
 171.03786
 189.83657
 207.92159
 225.42839
 242.46861
 259.13431
 275.50155
 291.63323
 307.58151
 323.38970
 339.09387
 354.72411
 370.30563
 385.85960
 401.40386
 416.95351
 432.52135
 448.11831
 463.75374
 479.43564
 495.17095
 510.96562
 526.82482
 542.75303
 558.75414
 574.83151
 590.98803
 607.22618
 623.54809
 639.95554
 656.44998
 673.03259
 689.70428
 706.46568
 723.31720
 740.25899
 757.29101
 774.41297
 791.62437
 808.92452
 826.31252
 843.78727
 861.34751
 878.99175
 896.71837
 914.52553
 932.41125
 950.37339
 968.40963
 986.51753
1004.69448
1022.93774
1041.24444
1059.61160
1078.03609
1096.51470
1115.04410
1133.62090
1152.24158
1170.90257
1189.60022
1208.33085
1227.09069
1245.87596
1264.68283
1283.50746
1302.34600
1321.19458
1340.04936
1358.90650
1377.76221
1396.61270
1415.45425
1434.28321
1453.09596
1471.88898
1490.65883
1509.40215
1528.11571
1546.79637
1565.44110
1584.04703
1602.61141
1621.13161
1639.60520
1658.02988
1676.40351
1694.72413
1712.98997
1731.19943
1749.35111
1767.44380
1785.47647
1803.44834
