   0.00000
  20.19104
  40.40815
  60.64848
  80.90909
 101.18699
 121.47915
 141.78249
 162.09386
 182.41012
 202.72807
 223.04450
 243.35618
 263.65988
 283.95236
 304.23039
 324.49076
 344.73026
 364.94572
 385.13401
 405.29203
 425.41672
 445.50511
 465.55425
 485.56128
 505.52341
 525.43795
 545.30226
 565.11384
 584.87025
 604.56919
 624.20845
 643.78596
 663.29976
 682.74802
 702.12905
 721.44129
 740.68333
 759.85391
 778.95191
 797.97638
 816.92651
 835.80168
 854.60138
 873.32533
 891.97336
 910.54549
 929.04193
 947.46301
 965.80928
 984.08142
1002.28029
1020.40693
1038.46253
1056.44844
1074.36618
1092.21741
1110.00398
1127.72786
1145.39116
1162.99616
1180.54526
1198.04098
1215.48600
1232.88308
1250.23512
1267.54512
1284.81617
1302.05146
1319.25427
1336.42794
1353.57588
1370.70158
1387.80856
1404.90037
1421.98063
1439.05294
1456.12094
1473.18827
1490.25854
1507.33538
1524.42235
1541.52300
1558.64083
1575.77928
1592.94171
1610.13142
1627.35160
1644.60536
1661.89569
1679.22546
1696.59744
1714.01421
1731.47826
1748.99188
1766.55721
1784.17624
1801.85075
1819.58233
1837.37241
1855.22217
