   0.00000
   0.00639
   0.01223
   0.01708
   0.02117
   0.02449
   0.02702
   0.02881
   0.02992
   0.03045
   0.03050
   0.03019
   0.02963
   0.02897
   0.02835
   0.02788
   0.02771
   0.02793
   0.02865
   0.02994
   0.03186
   0.03444
   0.03770
   0.04164
   0.04623
   0.05143
   0.05719
   0.06345
   0.07015
   0.07721
   0.08459
   0.09220
   0.09999
   0.10791
   0.11592
   0.12399
   0.13210
   0.14022
   0.14836
   0.15651
   0.16469
   0.17290
   0.18117
   0.18951
   0.19796
   0.20653
   0.21524
   0.22413
   0.23320
   0.24247
   0.25196
   0.26169
   0.27165
   0.28185
   0.29229
   0.30298
   0.31390
   0.32505
   0.33643
   0.34802
   0.35981
   0.37180
   0.38398
   0.39633
   0.40886
   0.42155
   0.43442
   0.44745
   0.46065
   0.47404
   0.48761
   0.50139
   0.51538
   0.52960
   0.54406
   0.55880
   0.57382
   0.58913
   0.60477
   0.62073
   0.63703
   0.65368
   0.67067
   0.68800
   0.70567
   0.72364
   0.74189
   0.76040
   0.77911
   0.79798
   0.81695
   0.83592
   0.85482
   0.87355
   0.89197
   0.90994
   0.92727
   0.94376
   0.95925
   0.97310
   0.98548
