   0.00000
   0.00503
   0.00917
   0.01228
   0.01436
   0.01555
   0.01605
   0.01597
   0.01542
   0.01463
   0.01384
   0.01327
   0.01307
   0.01340
   0.01441
   0.01619
   0.01877
   0.02213
   0.02624
   0.03100
   0.03629
   0.04198
   0.04791
   0.05395
   0.05998
   0.06591
   0.07166
   0.07721
   0.08257
   0.08778
   0.09292
   0.09806
   0.10331
   0.10876
   0.11452
   0.12064
   0.12719
   0.13419
   0.14165
   0.14955
   0.15786
   0.16651
   0.17545
   0.18462
   0.19395
   0.20339
   0.21290
   0.22247
   0.23208
   0.24174
   0.25147
   0.26130
   0.27126
   0.28139
   0.29173
   0.30230
   0.31313
   0.32422
   0.33559
   0.34724
   0.35914
   0.37130
   0.38370
   0.39632
   0.40914
   0.42217
   0.43539
   0.44881
   0.46242
   0.47623
   0.49024
   0.50446
   0.51888
   0.53351
   0.54832
   0.56332
   0.57849
   0.59380
   0.60923
   0.62479
   0.64046
   0.65623
   0.67212
   0.68817
   0.70443
   0.72090
   0.73763
   0.75477
   0.77238
   0.79039
   0.80877
   0.82775
   0.84738
   0.86723
   0.88689
   0.90662
   0.92666
   0.94591
   0.96264
   0.97721
   0.99300
