3.078737286373959137e+02
3.077281029969649353e+02
3.075627782334536278e+02
3.074236004165540521e+02
3.073146990436531496e+02
3.072250858613429614e+02
3.071515442481427840e+02
3.070913478410257653e+02
3.070432199227741421e+02
3.070072173888528937e+02
3.069838414493112282e+02
3.069729467725026666e+02
3.069712886144195068e+02
3.069685642467176194e+02
3.069408763282311838e+02
3.068418559631058429e+02
3.065911126772082298e+02
3.059008732183268648e+02
3.045430147129872012e+02
3.022807333670411367e+02
2.987306292737999343e+02
2.934589433869521145e+02
2.860253136071884796e+02
2.737952078539339595e+02
2.578989814783055863e+02
2.386030862793629979e+02
2.127764957002110577e+02
1.836570767258615433e+02
1.541234282380057721e+02
1.240227982898682342e+02
9.553213056138002912e+01
7.219799709263406839e+01
5.410902649040459522e+01
4.078028388283151173e+01
3.140647081891569314e+01
2.509101636685191039e+01
2.100265436806629182e+01
1.845423065561697129e+01
1.692269669825734013e+01
1.603480396059142876e+01
1.553821853846224421e+01
1.527035810026524665e+01
1.513106887634426734e+01
1.506127518832657763e+01
1.502759223380782672e+01
1.501194171390621968e+01
1.500494289058591413e+01
1.500193150930151376e+01
1.500068526003313529e+01
1.500018943997266874e+01
1.500000000000000000e+01
