   0.00000
   0.00634
   0.02367
   0.02811
   0.03483
   0.02968
   0.08105
   0.07674
   0.09460
   0.07716
   0.09848
   0.07872
   0.12882
   0.17055
   0.12803
   0.11844
   0.18409
   0.17662
   0.17536
   0.18136
   0.19359
   0.20944
   0.22553
   0.23881
   0.24748
   0.25162
   0.25333
   0.25636
   0.26510
   0.28334
   0.31290
   0.35284
   0.39924
   0.21714
   0.25733
   0.36128
   0.44935
   0.44546
   0.35343
   0.33228
   0.31300
   0.45416
   0.45361
   0.46319
   0.47891
   0.41890
   0.35440
   0.51165
   0.50982
   0.50482
   0.50114
   0.50245
   0.51023
   0.52334
   0.53888
   0.55363
   0.56548
   0.57414
   0.58092
   0.58781
   0.59639
   0.60711
   0.61924
   0.63146
   0.64257
   0.65214
   0.66063
   0.66897
   0.67808
   0.68833
   0.69946
   0.71076
   0.72150
   0.73136
   0.74049
   0.74945
   0.75881
   0.76888
   0.77956
   0.79041
   0.80095
   0.81090
   0.82034
   0.82963
   0.83919
   0.84928
   0.85981
   0.87045
   0.88080
   0.89063
   0.90004
   0.90940
   0.91915
   0.92950
   0.94027
   0.95092
   0.96088
   0.96995
   0.97870
   0.98854
   1.00152
