1.500000000000000000e+01
4.341199226634303443e+01
7.074824850750830763e+01
9.717502965861746134e+01
1.228291381767254222e+02
1.478232553290381759e+02
1.722503100822023328e+02
1.961870554545376422e+02
2.196969962090861372e+02
2.428327853483774561e+02
2.656381857830669446e+02
2.881496759780446837e+02
3.103977641345904885e+02
3.324080637545514492e+02
3.542021738552990655e+02
3.757983992618684397e+02
3.972123399813183369e+02
4.184573734071394711e+02
4.395450487972404972e+02
4.604854099449024716e+02
4.812872590767102565e+02
5.019583726490717481e+02
5.225056777807075150e+02
5.429353964748213457e+02
5.632531634880191405e+02
5.834641226413712047e+02
6.035730054997504794e+02
6.235841956338282444e+02
6.435017810963281590e+02
6.633295972669532148e+02
6.830712618296649907e+02
7.027302033260375538e+02
7.223096844664232776e+02
7.418128211661152136e+02
7.612425980980003715e+02
7.806018814093217770e+02
7.998934291323324715e+02
8.191198997221235913e+02
8.382838590758685768e+02
8.573877863229893137e+02
8.764340786227289755e+02
8.954250551621753402e+02
9.143629605122064277e+02
9.332499674696773582e+02
9.520881794903042419e+02
9.708796327971285791e+02
9.896262982334310436e+02
1.008330082915845196e+03
1.026992831732659624e+03
1.045616328723510833e+03
1.064202298369445543e+03
1.082752406816451185e+03
1.101268263050715632e+03
1.119751420039937557e+03
1.138203375851788905e+03
1.156625574757999402e+03
1.175019408330395208e+03
1.193386216533479910e+03
1.211727288816737428e+03
1.230043865208689795e+03
1.248337137413830987e+03
1.266608249912816973e+03
1.284858301065709838e+03
1.303088344217612757e+03
1.321299388805671697e+03
1.339492401466154206e+03
1.357668307140101660e+03
1.375827990175908781e+03
1.393972295427084646e+03
1.412102029343390768e+03
1.430217961053513591e+03
1.448320823437440140e+03
1.466411314186705113e+03
1.484490096850734062e+03
1.502557801867541457e+03
1.520615027577107867e+03
1.538662341215832612e+03
1.556700279890532556e+03
1.574729351530541408e+03
1.592750035816549826e+03
1.610762785084910092e+03
1.628768025206230504e+03
1.646766156437166956e+03
1.664757554244414678e+03
1.682742570099995191e+03
1.700721532247028335e+03
1.718694746435255865e+03
1.736662496625689073e+03
1.754625045663833134e+03
1.772582635921012752e+03
1.790535489903436883e+03
1.808483810828682181e+03
1.826427783169394161e+03
1.844367573164045098e+03
1.862303329294687956e+03
1.880235182731702935e+03
1.898163247745628269e+03
1.916087622086134388e+03
1.934008387328535264e+03
1.951925609187770533e+03
1.969839337800657859e+03
