   0.00000
   0.00490
   0.01082
   0.01795
   0.02631
   0.03572
   0.04604
   0.05722
   0.06913
   0.08154
   0.09424
   0.10705
   0.11980
   0.13231
   0.14442
   0.15603
   0.16707
   0.17751
   0.18737
   0.19669
   0.20558
   0.21413
   0.22249
   0.23078
   0.23914
   0.24769
   0.25653
   0.26571
   0.27529
   0.28526
   0.29559
   0.30625
   0.31714
   0.32819
   0.33931
   0.35040
   0.36139
   0.37220
   0.38279
   0.39312
   0.40320
   0.41302
   0.42263
   0.43207
   0.44139
   0.45064
   0.45990
   0.46921
   0.47862
   0.48817
   0.49788
   0.50775
   0.51780
   0.52801
   0.53834
   0.54878
   0.55928
   0.56981
   0.58033
   0.59081
   0.60121
   0.61151
   0.62170
   0.63176
   0.64170
   0.65152
   0.66125
   0.67088
   0.68047
   0.69002
   0.69957
   0.70915
   0.71879
   0.72851
   0.73833
   0.74827
   0.75834
   0.76853
   0.77884
   0.78926
   0.79976
   0.81030
   0.82086
   0.83139
   0.84183
   0.85215
   0.86230
   0.87227
   0.88199
   0.89143
   0.90069
   0.90981
   0.91870
   0.92746
   0.93652
   0.94606
   0.95574
   0.96593
   0.97811
   0.99253
   1.00633
