1.500000000000000000e+01
1.062185715061737596e+02
1.920729450192783361e+02
2.729441080718402759e+02
3.491866916209306737e+02
4.211307517738094361e+02
4.890834367232929480e+02
5.533305408382464066e+02
6.141379562160084333e+02
6.717530266519639781e+02
7.264058113928223293e+02
7.783102642528876913e+02
8.276653337938098502e+02
8.746559897674817421e+02
9.194541806954152889e+02
9.622197271430557066e+02
1.003101154946295082e+03
1.042236472368290379e+03
1.079753894903843729e+03
1.115772521204551367e+03
1.150402963369817371e+03
1.183747934635622869e+03
1.215902797293643744e+03
1.246956073487042204e+03
1.276989921355116621e+03
1.306080578836264749e+03
1.334298777286579707e+03
1.361710126929254329e+03
1.388375476017058418e+03
1.414351245465992179e+03
1.439689740602149413e+03
1.464439441555348822e+03
1.488645273731760426e+03
1.512348859702998880e+03
1.535588753760664986e+03
1.558400660302617780e+03
1.580817637139950421e+03
1.602870284741462910e+03
1.624586922364947213e+03
1.645993751961562793e+03
1.667115010680702198e+03
1.687973112747717551e+03
1.708588781435494639e+03
1.728981171802835433e+03
1.749167984827768123e+03
1.769165573522005843e+03
1.788989041573642453e+03
1.808652335028611105e+03
1.828168327487320767e+03
1.847548899260955523e+03
1.866805010902186268e+03
1.885946771497205191e+03
1.904983502080025119e+03
1.923923794505741171e+03
1.942775566096798002e+03
1.961546110355148357e+03
1.980242144013458073e+03
1.998869850680054697e+03
2.017434921315122665e+03
2.035942591759554716e+03
2.054397677522875256e+03
2.072804606022641565e+03
2.091167446454650417e+03
2.109489937461067711e+03
2.127775512752213672e+03
2.146027324827084158e+03
2.164248266927791065e+03
2.182440993353803606e+03
2.200607938253263910e+03
2.218751333000561317e+03
2.236873222261828232e+03
2.254975478843002747e+03
2.273059817408537128e+03
2.291127807152746755e+03
2.309180883500058826e+03
2.327220358905124613e+03
2.345247432818800007e+03
2.363263200881360262e+03
2.381268663400017886e+03
2.399264733163780420e+03
2.417252242644951821e+03
2.435231950633071847e+03
2.453204548343839633e+03
2.471170665042542169e+03
2.489130873218673059e+03
2.507085693345789423e+03
2.525035598258218215e+03
2.542981017173929558e+03
2.560922339390768684e+03
2.578859917681265415e+03
2.596794071409388835e+03
2.614725089390918129e+03
2.632653232517476226e+03
2.650578736162834048e+03
2.668501812388659346e+03
2.686422651965662226e+03
2.704341426224845236e+03
2.722258288752489534e+03
2.740173376941475908e+03
2.758086813410570812e+03
2.775998707302441744e+03
