  15.00000   75.42388  127.73664  174.61237  217.84354  258.63170  297.78224  335.83507  373.15207  409.97584  446.46898  482.74050  518.86345  554.88682  590.84344  626.75532  662.63720  698.49897  734.34727  770.18653  806.01974  841.84889  877.67532  913.49992  949.32330  985.14587 1020.96788 1056.78952 1092.61092 1128.43215 1164.25327 1200.07432 1235.89532 1271.71628 1307.53722 1343.35815 1379.17906 1414.99997 1450.82088 1486.64178 1522.46268 1558.28358 1594.10447 1629.92537 1665.74627 1701.56716 1737.38806 1773.20895 1809.02985 1844.85075 1880.67164
  15.00000   75.26365  127.54951  174.44728  217.71319  258.53456  297.71232  335.78587  373.11798  409.95250  446.45315  482.72985  518.85637  554.88217  590.84043  626.75343  662.63607  698.49836  734.34700  770.18651  806.01988  841.84914  877.67565  913.50031  949.32374  985.14633 1020.96837 1056.79004 1092.61145 1128.43270 1164.25384 1200.07490 1235.89591 1271.71688 1307.53784 1343.35877 1379.17970 1415.00062 1450.82154 1486.64245 1522.46337 1558.28428 1594.10518 1629.92609 1665.74700 1701.56790 1737.38880 1773.20970 1809.03057 1844.85142 1880.67221
  15.00000   75.26286  127.49516  174.35751  217.61328  258.44130  297.63353  335.72340  373.07060  409.91769  446.42820  482.71234  518.84429  554.87399  590.83501  626.74993  662.63391  698.49712  734.34640  770.18634  806.02001  841.84948  877.67613  913.50089  949.32439  985.14703 1020.96911 1056.79081 1092.61225 1128.43351 1164.25467 1200.07574 1235.89677 1271.71776 1307.53872 1343.35968 1379.18062 1415.00155 1450.82248 1486.64340 1522.46433 1558.28525 1594.10617 1629.92708 1665.74799 1701.56890 1737.38979 1773.21067 1809.03153 1844.85236 1880.67319
  15.00000   75.22766  127.45972  174.31291  217.55678  258.37776  297.56987  335.66512  373.02075  409.87724  446.39671  482.68865  518.82699  554.86170  590.82653  626.74427  662.63029  698.49497  734.34528  770.18595  806.02012  841.84994  877.67683  913.50176  949.32537  985.14809 1020.97022 1056.79196 1092.61342 1128.43471 1164.25588 1200.07696 1235.89800 1271.71899 1307.53996 1343.36092 1379.18187 1415.00280 1450.82373 1486.64466 1522.46559 1558.28651 1594.10743 1629.92834 1665.74924 1701.57014 1737.39103 1773.21192 1809.03280 1844.85369 1880.67460
  15.00000   75.22428  127.43323  174.27587  217.51490  258.33273  297.52329  335.61930  372.97809  409.83957  446.36502  482.66314  518.80729  554.84710  590.81619  626.73734  662.62603  698.49273  734.34455  770.18632  806.02130  841.85169  877.67899  913.50421  949.32803  985.15090 1020.97314 1056.79495 1092.61648 1128.43781 1164.25901 1200.08013 1235.90119 1271.72220 1307.54320 1343.36417 1379.18513 1415.00609 1450.82703 1486.64798 1522.46891 1558.28985 1594.11078 1629.93170 1665.75262 1701.57353 1737.39443 1773.21532 1809.03619 1844.85701 1880.67773
  15.00000   75.21116  127.41987  174.25453  217.48602  258.29947  297.48828  335.58440  372.94475  409.80899  446.33815  482.64055  518.78918  554.83334  590.80640  626.73103  662.62262  698.49168  734.34537  770.18858  806.02465  841.85585  877.68375  913.50941  949.33354  985.15663 1020.97903 1056.80096 1092.62256 1128.44395 1164.26520 1200.08635 1235.90743 1271.72846 1307.54947 1343.37046 1379.19143 1415.01239 1450.83335 1486.65430 1522.47524 1558.29618 1594.11711 1629.93804 1665.75895 1701.57986 1737.40076 1773.22163 1809.04249 1844.86334 1880.68424
  15.00000   75.21164  127.41084  174.24206  217.47040  258.28054  297.46702  335.56225  372.92312  409.78899  446.32062  482.62607  518.77807  554.82572  590.80218  626.72997  662.62439  698.49589  734.35162  770.19649  806.03388  841.86611  877.69480  913.52105  949.34562  985.16904 1020.99168 1056.81377 1092.63550 1128.45698 1164.27829 1200.09948 1235.92059 1271.74165 1307.56267 1343.38367 1379.20465 1415.02562 1450.84658 1486.66753 1522.48848 1558.30941 1594.13034 1629.95127 1665.77218 1701.59309 1737.41398 1773.23488 1809.05577 1844.87668 1880.69755
  15.00000   75.21310  127.41630  174.24504  217.47083  258.27921  297.46441  335.55895  372.91988  409.78664  446.31989  482.62753  518.78212  554.83255  590.81187  626.74243  662.63944  698.51329  734.37107  770.21770  806.05656  841.88999  877.71964  913.54664  949.37179  985.19566 1021.01863 1056.84098 1092.66290 1128.48452 1164.30593 1200.12720 1235.94837 1271.76947 1307.59053 1343.41155 1379.23256 1415.05354 1450.87451 1486.69548 1522.51643 1558.33738 1594.15832 1629.97926 1665.80018 1701.62110 1737.44201 1773.26291 1809.08379 1844.90463 1880.72543
  15.00000   75.22872  127.43714  174.27061  217.49808  258.30653  297.49148  335.58596  372.94718  409.81468  446.34914  482.65842  518.81501  554.86770  590.84938  626.78233  662.68166  698.55768  734.41744  770.26583  806.10620  841.94092  877.77164  913.59951  949.42537  985.24979 1021.07320 1056.89589 1092.71806 1128.53987 1164.36144 1200.18282 1236.00408 1271.82525 1307.64635 1343.46742 1379.28845 1415.10947 1450.93046 1486.75145 1522.57242 1558.39338 1594.21434 1630.03528 1665.85622 1701.67714 1737.49805 1773.31893 1809.13979 1844.96061 1880.78137
  15.00000   75.25955  127.48965  174.33444  217.56899  258.38170  297.56904  335.66493  373.02722  409.89579  446.43148  482.74222  518.90049  554.95505  590.93873  626.87374  662.77511  698.65309  734.51470  770.36476  806.20664  842.04267  877.87451  913.70334  949.52998  985.35504 1021.17896 1057.00205 1092.82454 1128.64661 1164.46836 1200.28989 1236.11126 1271.93251 1307.75368 1343.57480 1379.39587 1415.21692 1451.03794 1486.85894 1522.67993 1558.50090 1594.32187 1630.14282 1665.96376 1701.78468 1737.60558 1773.42646 1809.24731 1845.06815 1880.88897
  15.00000   75.32116  127.59053  174.46252  217.71422  258.53776  297.73205  335.83245  373.19777  410.06855  446.60607  482.91850  519.07847  555.13478  591.12026  627.05710  662.96030  698.84007  734.70338  770.55503  806.39836  842.23569  878.06868  913.89849  949.72597  985.55173 1021.37623 1057.19980 1093.02267 1128.84503 1164.66702 1200.48874 1236.31025 1272.13162 1307.95288 1343.77406 1379.59518 1415.41627 1451.23732 1487.05834 1522.87935 1558.70034 1594.52131 1630.34227 1666.16321 1701.98414 1737.80504 1773.62593 1809.44679 1845.26764 1881.08844
  15.00000   75.42825  127.77258  174.69457  217.98043  258.82689  298.03639  336.14689  373.51901  410.39450  446.93543  483.25050  519.41268  555.47095  591.45829  627.39692  663.30185  699.18329  735.04820  770.90136  806.74608  842.58468  878.41880  914.24962  950.07797  985.90448 1021.72962 1057.55371 1093.37702 1129.19974 1165.02201 1200.84396 1236.66566 1272.48717 1308.30854 1344.12981 1379.95101 1415.77214 1451.59324 1487.41430 1523.23533 1559.05634 1594.87733 1630.69831 1666.51926 1702.34019 1738.16111 1773.98199 1809.80285 1845.62366 1881.44443
  15.00000   75.60738  128.07786  175.08928  218.43704  259.32624  298.56509  336.69565  374.08146  410.96634  447.51382  483.83360  519.99928  556.06033  592.04996  627.99059  663.89733  699.78044  735.64690  771.50150  807.34756  843.18738  879.02261  914.85442  950.68364  986.51092 1022.33670 1058.16134 1093.98512 1129.80822 1165.63081 1201.45301 1237.27491 1273.09658 1308.91808 1344.73945 1380.56071 1416.38191 1452.20304 1488.02413 1523.84519 1559.66621 1595.48721 1631.30819 1667.12915 1702.95008 1738.77099 1774.59188 1810.41276 1846.23365 1882.05459
  15.00000   75.89002  128.56684  175.72627  219.17992  260.14403  299.43545  337.60271  375.01403  411.91662  448.47643  484.80486  520.97672  557.04229  593.03536  628.97869  664.88766  700.77266  736.64079  772.49688  808.34428  844.18532  880.02165  915.85444  951.68454  987.51258 1023.33904 1059.16426 1094.98853 1130.81204 1166.63498 1202.45746 1238.27959 1274.10145 1309.92309 1345.74458 1381.56594 1417.38721 1453.20839 1489.02953 1524.85061 1560.67166 1596.49267 1632.31366 1668.13462 1703.95557 1739.77650 1775.59742 1811.41834 1847.23925 1883.06012
  15.00000   76.31759  129.31324  176.70827  220.33360  261.42180  300.80219  339.03273  376.48880  413.42289  450.00482  486.34879  522.53162  558.60499  594.60371  630.55122  666.46337  702.35088  738.22104  774.07884  809.92771  845.77003  881.60748  917.44127  953.27225  989.10107 1024.92820 1060.75401 1096.57878 1132.40273 1168.22603 1204.04881 1239.87119 1275.69326 1311.51507 1347.33669 1383.15815 1418.97950 1454.80075 1490.62193 1526.44305 1562.26412 1598.08515 1633.90616 1669.72714 1705.54810 1741.36905 1777.18998 1813.01091 1848.83184 1884.65282
  15.00000   76.93615  130.40556  178.15752  222.04886  263.33303  302.85643  341.19049  378.72096  415.70818  452.32787  488.69859  524.90034  560.98712  596.99539  632.94977  668.86692  704.75816  740.63116  776.49118  812.34183  848.18563  884.02433  919.85918  955.69108  991.52070 1027.34854 1063.17495 1099.00025 1134.82465 1170.64833 1206.47144 1242.29409 1278.11638 1313.93838 1349.76015 1385.58174 1421.40318 1457.22451 1493.04575 1528.86692 1564.68804 1600.50910 1636.33014 1672.15114 1707.97212 1743.79309 1779.61404 1815.43499 1851.25592 1887.07679
  15.00000   77.79583  131.93879  180.20971  224.49480  266.07425  305.81675  344.31190  381.95984  419.03213  455.71304  492.12759  528.36061  564.46964  600.49373  636.45938  672.38462  708.28169  744.15897  780.02218  815.87526  851.72095  887.56116  923.39724  959.23016  995.06064 1030.88921 1066.71625 1102.54208 1138.36694 1174.19102 1210.01447 1245.83741 1281.65993 1317.48213 1353.30407 1389.12579 1424.94735 1460.76877 1496.59008 1532.41131 1568.23247 1604.05357 1639.87464 1675.69567 1711.51667 1747.33765 1783.15861 1818.97955 1854.80047 1890.62140
  15.00000   78.94458  134.00816  183.00154  227.84466  269.84917  309.91178  348.64562  386.46998  423.67167  460.44683  496.92963  533.21180  569.35608  605.40538  641.38903  677.32711  713.23338  749.11727  784.98527  820.84188  856.69019  892.53239  928.37001  964.20416 1000.03562 1035.86499 1071.69271 1107.51911 1143.34445 1179.16893 1214.99272 1250.81595 1286.63873 1322.46113 1358.28324 1394.10511 1429.92678 1465.74830 1501.56969 1537.39098 1573.21220 1609.03334 1644.85444 1680.67550 1716.49652 1752.31751 1788.13848 1823.95943 1859.78037 1895.60127
  15.00000   80.42380  136.69634  186.65527  232.25539  274.84480  315.35376  354.42461  392.50111  429.88990  466.80289  503.38655  539.74210  575.93951  612.02708  648.03822  683.99600  719.91636  755.81034  791.68559  827.54742  863.39953  899.24453  935.08424  970.91997 1006.75265 1042.58299 1078.41147 1114.23850 1150.06436 1185.88927 1221.71343 1257.53696 1293.35999 1329.18262 1365.00491 1400.82693 1436.64874 1472.47037 1508.29185 1544.11322 1579.93450 1615.75570 1651.57684 1687.39793 1723.21898 1759.03999 1794.86097 1830.68190 1866.50278 1902.32360
  15.00000   82.26007  140.06033  191.25756  237.84183  281.20105  322.30437  361.82907  400.24882  437.89500  474.99957  511.72484  548.18443  584.45784  620.60066  656.65177  692.63837  728.57945  764.48829  800.37420  836.24367  872.10128  907.95026  943.79286  979.63072 1015.46500 1051.29653 1087.12595 1122.95370 1158.78013 1194.60551 1230.43005 1266.25390 1302.07720 1337.90004 1373.72252 1409.54470 1445.36664 1481.18837 1517.00995 1552.83140 1588.65274 1624.47400 1660.29518 1696.11630 1731.93737 1767.75838 1803.57935 1839.40027 1875.22115 1911.04199
  15.00000   84.45612  144.11277  196.83540  244.64651  288.97612  330.83653  370.94519  409.81093  447.79480  485.15308  522.06766  558.66761  595.04446  631.26312  667.36958  703.39637  739.36652  775.29634  811.19733  847.07764  882.94303  918.79758  954.64421  990.48498 1026.32138 1062.15447 1097.98505 1133.81367 1169.64077 1205.46668 1241.29162 1277.11580 1312.93937 1348.76243 1384.58509 1420.40741 1456.22947 1492.05131 1527.87297 1563.69449 1599.51588 1635.33717 1671.15839 1706.97953 1742.80060 1778.62163 1814.44261 1850.26357 1886.08450 1921.90543
  15.00000   86.97730  148.80073  203.32775  252.60726  298.11063  340.89595  381.72478  421.14562  459.55359  497.23337  534.38994  571.17086  607.68227  644.00042  680.18006  716.26044  752.26967  788.22786  824.14938  860.04450  895.92056  931.78279  967.63493 1003.47967 1039.31894 1075.15411 1110.98620 1146.81595 1182.64388 1218.47041 1254.29584 1290.12040 1325.94426 1361.76756 1397.59041 1433.41289 1469.23508 1505.05703 1540.87877 1576.70036 1612.52181 1648.34316 1684.16441 1719.98558 1755.80669 1791.62774 1827.44874 1863.26970 1899.09059 1934.91139
  15.00000   89.73751  153.98211  210.55774  261.52637  308.39556  352.26837  393.95222  434.03821  472.95892  511.03076  548.48499  585.49042  622.17014  658.61378  694.88650  731.03557  767.09528  803.09040  839.03883  874.95350  910.84371  946.71616  982.57567 1018.42572 1054.26880 1090.10673 1125.94082 1161.77201 1197.60100 1233.42832 1269.25433 1305.07933 1340.90352 1376.72708 1412.55014 1448.37279 1484.19511 1520.01716 1555.83900 1591.66065 1627.48216 1663.30355 1699.12484 1734.94604 1770.76717 1806.58823 1842.40922 1878.23016 1914.05104 1949.87190
  15.00000   92.58834  159.40974  218.21371  271.05157  319.45395  364.56272  407.22918  448.08741  487.60913  526.14477  563.95422  601.22987  638.11391  674.71115  711.09872  747.33326  783.45626  819.49804  855.48075  891.42048  927.32896  963.21468  999.08380 1034.94079 1070.78889 1106.63044 1142.46713 1178.30020 1214.13056 1249.95886 1285.78559 1321.61112 1357.43572 1393.25958 1429.08286 1464.90568 1500.72813 1536.55029 1572.37220 1608.19392 1644.01548 1679.83691 1715.65822 1751.47944 1787.30057 1823.12164 1858.94265 1894.76363 1930.58458 1966.40551
  15.00000   95.32113  164.73337  225.85237  280.68025  330.74700  377.21937  420.98514  462.71806  502.92819  542.00059  580.22516  617.81956  654.94673  691.72834  728.25495  764.59381  800.79469  836.89437  872.91992  908.89123  944.82290  980.72558 1016.60708 1052.47308 1088.32771 1124.17398 1160.01409 1195.84964 1231.68179 1267.51139 1303.33907 1339.16529 1374.99039 1410.81463 1446.63819 1482.46123 1518.28384 1554.10612 1589.92814 1625.74993 1661.57155 1697.39302 1733.21437 1769.03562 1804.85679 1840.67788 1876.49892 1912.31989 1948.14079 1983.96160
  15.00000   97.68771  169.53058  232.93375  289.79666  341.61252  389.54974  434.51823  477.22330  518.20919  557.89400  596.59759  634.56366  671.97716  708.97793  745.67129  782.13634  818.43225  854.60313  890.68180  926.69258  962.65345  998.57766 1034.47497 1070.35255 1106.21563 1142.06805 1177.91264 1213.75143 1249.58593 1285.41724 1321.24615 1357.07327 1392.89903 1428.72374 1464.54765 1500.37095 1536.19375 1572.01618 1607.83830 1643.66017 1679.48185 1715.30337 1751.12475 1786.94603 1822.76721 1858.58832 1894.40935 1930.23033 1966.05128 2001.87226
  15.00000   99.44111  173.36787  238.89164  297.74525  351.33861  400.80920  447.06737  490.83615  532.68573  573.06285  612.31539  650.71267  688.46214  725.72278  762.61585  799.23346  835.64527  871.90376  908.04835  944.10850  980.10619 1016.05777 1051.97533 1087.86785 1123.74192 1159.60241 1195.45289 1231.29599 1267.13362 1302.96722 1338.79780 1374.62613 1410.45277 1446.27813 1482.10252 1517.92616 1553.74923 1589.57184 1625.39411 1661.21610 1697.03786 1732.85944 1768.68088 1804.50219 1840.32341 1876.14454 1911.96560 1947.78659 1983.60751 2019.42830
  15.00000  100.38565  175.87915  243.22546  303.92725  359.25982  410.29077  457.90266  502.81682  545.61674  586.76999  626.64811  665.54408  703.68727  741.25616  778.38878  815.19130  851.74498  888.11171  924.33846  960.46068  996.50505 1032.49159 1068.43524 1104.34714 1140.23557 1176.10666 1211.96495 1247.81378 1283.65562 1319.49229 1355.32512 1391.15509 1426.98292 1462.80916 1498.63419 1534.45830 1570.28171 1606.10458 1641.92703 1677.74916 1713.57102 1749.39268 1785.21417 1821.03553 1856.85677 1892.67792 1928.49899 1964.31999 2000.14095 2035.96194
  15.00000  100.42080  176.83970  245.59191  307.90027  364.85847  417.42426  466.42076  512.54390  556.37361  598.38700  638.97215  678.44156  717.04460  754.97860  792.39863  829.42564  866.15347  902.65446  938.98411  975.18478 1011.28869 1047.32019 1083.29766 1119.23490 1155.14225 1191.02742 1226.89615 1262.75271 1298.60025 1334.44112 1370.27703 1406.10927 1441.93877 1477.76623 1513.59216 1549.41693 1585.24083 1621.06406 1656.88678 1692.70910 1728.53112 1764.35289 1800.17447 1835.99589 1871.81718 1907.63837 1943.45947 1979.28050 2015.10144 2050.92222
  15.00000   99.56254  176.21066  245.86774  309.45262  367.84436  421.85688  472.22331  519.58892  564.51048  607.46028  648.83298  688.95419  728.08937  766.45282  804.21590  841.51453  878.45569  915.12306  951.58162  987.88159 1024.06157 1060.15106 1096.17253 1132.14302 1168.07539 1203.97932 1239.86206 1275.72906 1311.58437 1347.43098 1383.27115 1419.10653 1454.93834 1490.76751 1526.59469 1562.42039 1598.24497 1634.06871 1669.89181 1705.71441 1741.53664 1777.35856 1813.18026 1849.00177 1884.82312 1920.64435 1956.46547 1992.28648 2028.10740 2063.92829
  15.00000   97.93535  174.14028  244.16573  308.63316  368.19467  423.49882  475.16453  523.76330  569.80879  613.75238  655.98317  696.83109  736.57191  775.43321  813.60073  851.22451  888.42470  925.29673  961.91581  998.34084 1034.61764 1070.78169 1106.86027 1142.87430 1178.83972 1214.76863 1250.67019 1286.55131 1322.41717 1358.27167 1394.11770 1429.95743 1465.79247 1501.62402 1537.45296 1573.27996 1609.10550 1644.92995 1680.75357 1716.57656 1752.39907 1788.22120 1824.04305 1859.86467 1895.68610 1931.50739 1967.32856 2003.14963 2038.97066 2074.79161
  15.00000   95.73904  170.92280  240.79960  305.72794  366.14292  422.52237  475.35724  525.12812  572.28819  617.25225  660.39069  702.02751  742.44110  781.86703  820.50193  858.50802  896.01763  933.13776  969.95409 1006.53476 1042.93353 1079.19255 1115.34465 1151.41530 1187.42410 1223.38611 1259.31281 1295.21295 1331.09316 1366.95843 1402.81254 1438.65831 1474.49785 1510.33275 1546.16419 1581.99304 1617.81995 1653.64542 1689.46979 1725.29334 1761.11627 1796.93871 1832.76079 1868.58258 1904.40415 1940.22554 1976.04679 2011.86791 2047.68889 2083.50974
  15.00000   93.20323  166.93029  236.21026  301.19145  362.12032  419.31449  473.13551  523.96447  572.18205  618.15346  662.21814  704.68349  745.82184  785.87010  825.03098  863.47554  901.34633  938.76079  975.81471 1012.58551 1049.13526 1085.51331 1121.75866 1157.90191 1193.96692 1229.97224 1265.93215 1301.85764 1337.75713 1373.63701 1409.50214 1445.35621 1481.20198 1517.04155 1552.87647 1588.70792 1624.53678 1660.36368 1696.18913 1732.01348 1767.83700 1803.65988 1839.48229 1875.30433 1911.12608 1946.94759 1982.76891 2018.59006 2054.41108 2090.23199
  15.00000   90.54476  162.54060  230.87827  295.55507  356.66814  414.39759  468.98537  520.71375  569.88568  616.80847  661.78095  705.08439  746.97650  787.68825  827.42267  866.35535  904.63594  942.39033  979.72321 1016.72074 1053.45315 1089.97720 1126.33839 1162.57293 1198.70946 1234.77047 1270.77353 1306.73229 1342.65730 1378.55669 1414.43667 1450.30200 1486.15629 1522.00227 1557.84202 1593.67709 1629.50865 1665.33757 1701.16453 1736.99000 1772.81435 1808.63786 1844.46072 1880.28309 1916.10508 1951.92677 1987.74823 2023.56951 2059.39064 2095.21167
  15.00000   87.93847  158.08071  225.24659  289.33793  350.34471  408.33867  463.45995  515.90058  565.88751  613.66712  659.49191  703.60993  746.25695  787.65113  827.98985  867.44830  906.17939  944.31462  981.96563 1019.22605 1056.17361 1092.87217 1129.37377 1165.72045 1201.94593 1238.07704 1274.13502 1310.13657 1346.09477 1382.01976 1417.91941 1453.79979 1489.66555 1525.52025 1561.36660 1597.20664 1633.04195 1668.87370 1704.70276 1740.52981 1776.35534 1812.17973 1848.00324 1883.82610 1919.64846 1955.47042 1991.29209 2027.11351 2062.93474 2098.75578
  15.00000   85.50456  153.79491  219.66959  282.98045  343.64880  401.66819  457.09855  510.05542  560.69698  609.21077  655.80136  700.67970  744.05443  786.12534  827.07874  867.08454  906.29477  944.84322  982.84590 1020.40209 1057.59573 1094.49706 1131.16425 1167.64506 1203.97835 1240.19553 1276.32177 1312.37714 1348.37751 1384.33540 1420.26057 1456.16067 1492.04160 1527.90792 1563.76313 1599.60992 1635.45035 1671.28596 1707.11794 1742.94719 1778.77437 1814.59999 1850.42443 1886.24797 1922.07084 1957.89318 1993.71512 2029.53672 2065.35806 2101.17917
  15.00000   83.31004  149.83784  214.39275  276.80988  336.97314  394.82489  450.36651  503.65304  554.78446  603.89536  651.14449  696.70495  740.75566  783.47428  825.03184  865.58874  905.29222  944.27492  982.65438 1020.53327 1058.00008 1095.13020 1131.98715 1168.62395 1205.08443 1241.40451 1277.61342 1313.73476 1349.78746 1385.78661 1421.74416 1457.66951 1493.57006 1529.45155 1565.31845 1601.17420 1637.02148 1672.86231 1708.69825 1744.53049 1780.35994 1816.18726 1852.01298 1887.83748 1923.66106 1959.48392 1995.30623 2031.12811 2066.94964 2102.77088
  15.00000   81.37881  146.28535  209.55768  271.03594  330.58945  388.13117  443.62309  497.07543  548.54174  598.11174  645.90305  692.05285  736.71007  780.02853  822.16125  863.25597  903.45186  942.87727  981.64851 1019.86923 1057.63054 1095.01147 1132.07981 1168.89306 1205.49950 1241.93934 1278.24577 1314.44594 1350.56195 1386.61161 1422.60923 1458.56621 1494.49157 1530.39245 1566.27442 1602.14184 1637.99812 1673.84586 1709.68709 1745.52337 1781.35588 1817.18553 1853.01300 1888.83883 1924.66338 1960.48697 1996.30981 2032.13204 2067.95377 2103.77505
  15.00000   79.70470  143.15381  205.22181  265.76633  324.65725  381.79415  437.11502  490.59898  542.26455  592.16528  640.38376  687.02493  732.20936  776.06705  818.73184  860.33685  901.01079  940.87525  980.04278 1018.61580 1056.68604 1094.33456 1131.63209 1168.63962 1205.40919 1241.98480 1278.40330 1314.69527 1350.88594 1386.99593 1423.04197 1459.03758 1494.99361 1530.91868 1566.81966 1602.70194 1638.56978 1674.42649 1710.27464 1746.11624 1781.95282 1817.78558 1853.61541 1889.44301 1925.26891 1961.09348 1996.91701 2032.73972 2068.56175 2104.38320
  15.00000   78.26401  140.42119  201.38370  261.03244  319.24688  375.92401  430.98929  484.40177  536.15485  586.27421  634.81386  681.85107  727.48093  771.81089  814.95577  857.03326  898.16021  938.44960  978.00833 1016.93563 1055.32207 1093.24911 1130.78905 1168.00525 1204.95267 1241.67844 1278.22261 1314.61893 1350.89556 1387.07586 1423.17903 1459.22077 1495.21382 1531.16844 1567.09287 1602.99368 1638.87607 1674.74417 1710.60120 1746.44968 1782.29158 1818.12843 1853.96139 1889.79137 1925.61905 1961.44493 1997.26941 2033.09275 2068.91512 2104.73657
  15.00000   77.02517  138.04478  198.00636  256.81556  314.36597  370.55870  425.31461  478.58098  530.33410  580.57902  629.34724  676.69314  722.68971  767.42408  810.99306  853.49906  895.04650  935.73871  975.67558 1014.95163 1053.65475 1091.86537 1129.65605 1167.09143 1204.22840 1241.11648 1277.79839 1314.31058 1350.68393 1386.94433 1423.11339 1459.20895 1495.24569 1531.23556 1567.18828 1603.11166 1639.01197 1674.89422 1710.76238 1746.61957 1782.46825 1818.31035 1854.14736 1889.98043 1925.81044 1961.63805 1997.46378 2033.28797 2069.11088 2104.93274
  15.00000   75.95547  135.97454  195.03609  253.06958  309.98435  365.68933  420.10585  473.17534  524.86312  575.15949  624.07874  671.65683  717.94823  763.02224  806.95932  849.84740  891.77856  932.84612  973.14211 1012.75533 1051.76981 1090.26376 1128.30885 1165.96993 1203.30490 1240.36492 1277.19470 1313.83295 1350.31284 1386.66261 1422.90606 1459.06311 1495.15034 1531.18141 1567.16754 1603.11786 1639.03978 1674.93928 1710.82111 1746.68911 1782.54628 1818.39501 1854.23716 1890.07418 1925.90721 1961.73709 1997.56447 2033.38983 2069.21350 2105.03563
  15.00000   75.02485  134.16124  192.41500  249.73723  306.05291  361.28044  415.34469  468.18518  519.76075  570.05152  619.05897  666.80456  713.32752  758.68199  802.93393  846.15802  888.43461  929.84706  970.47925 1010.41362 1049.72954 1088.50206 1126.80104 1164.69060 1202.22882 1239.46773 1276.45341 1313.22624 1349.82133 1386.26890 1422.59473 1458.82068 1494.96512 1531.04340 1567.06823 1603.05009 1638.99757 1674.91766 1710.81600 1746.69715 1782.56474 1818.42169 1854.27027 1890.11229 1925.94914 1961.78192 1997.61142 2033.43825 2069.26281 2105.08539
  15.00000   74.20759  132.56084  190.08837  246.76031  302.51630  357.28463  410.99530  463.58847  515.01960  565.26210  614.30808  662.16781  708.86820  754.45068  798.96867  842.48498  885.06915  926.79499  967.73828 1007.97484 1047.57889 1086.62167 1125.17050 1163.28801 1201.03174 1238.45388 1275.60126 1312.51544 1349.23298 1385.78573 1422.20120 1458.50297 1494.71109 1530.84247 1566.91131 1602.92941 1638.90655 1674.85077 1710.76864 1746.66551 1782.54567 1818.41260 1854.26907 1890.11725 1925.95888 1961.79527 1997.62745 2033.45616 2069.28196 2105.10517
  15.00000   73.48268  131.13619  188.00826  244.08553  299.32087  353.65219  407.01531  459.35256  510.61814  560.78122  609.82723  657.75789  704.59029  750.35534  795.09576  838.86395  881.71965  923.72777  964.95631 1005.47447 1045.35107 1084.65318 1123.44503 1161.78721 1199.73607 1237.34338 1274.65616 1311.71665 1348.56241 1385.22658 1421.73806 1458.12194 1494.39976 1530.58989 1566.70792 1602.76694 1638.77792 1674.74994 1710.69053 1746.60583 1782.50087 1818.37974 1854.24570 1890.10137 1925.94882 1961.78968 1997.62519 2033.45629 2069.28364 2105.10768
  15.00000   72.83350  129.85711  186.13461  241.66686  296.41850  350.33640  403.36237  455.44173  506.52879  556.59027  605.60692  653.57401  700.50084  746.40972  791.33433  835.31802  878.41182  920.67249  962.16071 1002.93927 1043.07159 1082.62033 1121.64633 1160.20768 1198.35909 1236.15142 1273.63138 1310.84143 1347.81974 1384.60033 1421.21325 1457.68479 1494.03780 1530.29197 1566.46416 1602.56870 1638.61767 1674.62122 1710.58780 1746.52441 1782.43680 1818.32970 1854.20692 1890.07154 1925.92602 1961.77230 1997.61187 2033.44585 2069.27502 2105.09987
  15.00000   72.24701  128.69945  184.43468  239.46578  293.76775  347.29567  399.99718  451.82097  502.72236  552.66683  601.63195  649.60814  696.59862  742.61863  787.69430  831.86118  875.16262  917.64806  959.37138 1000.38930 1040.75995 1080.54157 1119.79139 1158.56476 1196.91437 1234.88978 1272.53700 1309.89829 1347.01206 1383.91290 1420.63164 1457.19558 1493.62865 1529.95168 1566.18269 1602.33713 1638.42816 1674.46693 1710.46283 1746.42367 1782.35599 1818.26512 1854.15549 1890.03063 1925.89343 1961.74615 1997.59055 2033.42794 2069.25926 2105.08512
  15.00000   71.71303  127.64403  182.88197  237.45046  291.33364  344.49399  396.88468  448.45789  499.17047  548.98752  597.88451  645.84829  692.87726  738.98096  784.17918  828.50082  871.98250  914.66710  956.60231  997.83919 1038.43080 1078.43102 1117.89342 1156.87042 1195.41249 1233.56756 1271.38062 1308.89341 1346.14425 1383.16796 1419.99591 1456.65612 1493.17340 1529.56956 1565.86361 1602.07203 1638.20897 1674.28655 1710.31501 1746.30303 1782.25785 1818.18549 1854.09093 1889.97824 1925.85070 1961.71095 1997.56104 2033.40254 2069.23657 2105.06391
  15.00000   71.22362  126.67578  181.45538  235.59522  289.08747  341.90131  393.99501  445.32425  495.84770  545.53064  594.34726  642.28177  689.32881  735.49329  780.78972  825.24130  868.87880  911.73930  953.86487  995.30132 1036.09696 1076.30144 1115.96472 1155.13622 1193.86400 1232.19419 1270.17050 1307.83387 1345.22223 1382.37038 1419.30997 1456.06952 1492.67449 1529.14748 1565.50837 1601.77452 1637.96101 1674.08082 1710.14504 1746.16313 1782.14306 1818.09151 1854.01404 1889.91524 1925.79882 1961.66780 1997.52452 2033.37079 2069.20786 2105.03652
  15.00000   70.77249  125.78255  180.13776  233.87891  287.00530  339.49211  391.30237  442.39512  492.73098  542.27583  591.00313  638.89517  685.94369  732.14982  777.52367  822.08359  865.85528  908.87064  951.16674  992.78457 1033.76799 1074.16262 1114.01494 1153.37132 1192.27737 1230.77726 1268.91325 1306.72524 1344.25056 1381.52377 1418.57654 1455.43766 1492.13309 1528.68602 1565.11704 1601.44430 1637.68365 1673.84889 1709.95190 1746.00287 1782.01048 1817.98203 1853.92367 1889.84050 1925.73667 1961.61557 1997.47986 2033.33156 2069.17215 2105.00263
  15.00000   70.35456  124.95457  178.91515  232.28417  285.06726  337.24502  388.78483  439.64895  489.80002  539.20475  587.83629  635.67559  682.71212  728.94394  774.37748  819.02699  862.91373  906.06509  948.51359  990.29587 1031.45165 1072.02281 1112.05238 1151.58384 1190.66027 1229.32383 1267.61515 1305.57299 1343.23387 1380.63188 1417.79855 1454.76274 1491.55070 1528.18608 1564.69003 1601.08133 1637.37655 1673.59017 1709.73480 1745.82132 1781.85907 1817.85597 1853.81871 1889.75290 1925.66315 1961.55320 1997.42603 2033.28395 2069.12862 2104.96109
  15.00000   69.96574  124.18384  177.77611  230.79667  283.25682  335.14205  386.42375  437.06720  487.03708  536.30109  584.83237  632.61097  679.62456  725.86874  771.34688  816.06970  860.05463  903.32507  945.90950  987.84060 1029.15429 1069.88891 1110.08428 1149.78099 1189.01970 1227.84045 1266.28223 1304.38247 1342.17678 1379.69862 1416.97919 1454.04726 1490.92922 1527.64899 1564.22816 1600.68602 1637.03973 1673.30440 1709.49326 1745.61784 1781.68808 1817.71248 1853.69828 1889.65155 1925.57735 1961.47980 1997.36219 2033.22706 2069.07626 2104.91104
  15.00000   69.60266  123.46379  176.71117  229.40450  281.56015  333.16806  384.20329  434.63399  484.42681  533.55055  581.97858  629.69032  676.67211  722.91754  768.42741  813.20943  857.27772  900.65216  943.35762  985.42318 1026.88131 1067.76702 1108.11713 1147.96947 1187.36227 1226.33352 1264.92048 1303.15921 1341.08427 1378.72836 1416.12221 1453.29438 1490.27121 1527.07680 1563.73301 1600.25955 1636.67404 1672.99212 1709.22760 1745.39256 1781.49750 1817.55147 1853.56220 1889.53624 1925.47906 1961.39512 1997.28803 2033.16056 2069.01474 2104.85183
  15.00000   69.26245  122.78885  175.71228  228.09746  279.96534  331.30989  382.10958  432.33523  481.95541  530.94006  579.26294  626.90313  673.84593  720.08330  765.61389  810.44286  854.58143  898.04638  940.85937  983.04624 1024.63628 1065.66145 1106.15570 1146.15428 1185.69305 1224.80797 1263.53457 1301.90748 1339.96012 1377.72437 1415.23035 1452.50628 1489.57834 1526.47065 1563.20526 1599.80215 1636.27933 1672.65288 1708.93708 1745.14451 1781.28619 1817.37164 1853.40908 1889.40547 1925.36668 1961.29752 1997.20189 2033.08280 2068.94248 2104.78242
  15.00000   68.94274  122.15434  174.77266  226.86694  278.46229  329.55637  380.13077  430.15882  479.61093  528.45824  576.67497  624.24006  671.13805  717.35957  762.90148  807.76674  851.96407  895.50751  938.41586  980.71202 1022.42239 1063.57610 1104.20446 1144.34021 1184.01699 1223.26875 1262.12930 1300.63183 1338.80857 1376.69047 1414.30698 1451.68585 1488.85302 1525.83253 1562.64646 1599.31501 1635.85644 1672.28719 1708.62195 1744.87373 1781.05398 1817.17269 1853.23848 1889.25872 1925.23965 1961.18641 1997.10317 2032.99319 2068.85885 2104.70168
  15.00000   68.64148  121.55626  173.88650  225.70555  277.04231  327.89781  378.25651  428.09411  477.38279  526.09485  574.20512  621.69249  668.54097  714.74013  760.28531  805.17760  849.42353  893.03474  936.02745  978.42195 1020.24195 1061.51404 1102.26700 1142.53125 1182.33828 1221.72013 1260.70890 1299.33631 1337.63339 1375.63012 1413.35519 1450.83581 1488.09756 1525.16430 1562.05811 1598.79922 1635.40613 1671.89552 1708.28241 1744.58018 1780.80065 1816.95421 1853.04986 1889.09536 1925.09725 1961.06099 1996.99102 2032.89079 2068.76284 2104.60889
  15.00000   68.35691  120.99114  173.04877  224.60688  275.69783  326.32572  376.47772  426.13172  475.26159  523.84079  571.84478  619.25258  666.04778  712.21911  757.76066  802.67190  846.95747  890.62687  933.69404  976.17687 1018.09668 1059.47766 1100.34628 1140.73077 1180.66058 1220.16589 1259.27714 1298.02462 1336.43811 1374.54659 1412.37794 1449.95877 1487.31422 1524.46790 1561.44175 1598.25602 1634.92930 1671.47847 1707.91879 1744.26395 1780.52608 1816.71592 1852.84281 1888.91482 1924.93882 1960.92053 1996.86463 2032.77478 2068.65368 2104.50309
  15.00000   68.08751  120.45598  172.25510  223.56534  274.42222  324.83270  374.78643  424.26335  473.23896  521.68787  569.58618  616.91313  663.65205  709.79099  755.32300  800.24616  844.56345  888.28247  931.41515  973.97721 1015.98778 1057.46884 1098.44473 1138.94161 1178.98702 1218.60934 1257.83741 1296.70010 1335.22596 1373.44294 1411.37806 1449.05728 1486.50525 1523.74524 1560.79899 1597.68668 1634.42693 1671.03673 1707.53153 1743.92524 1780.23027 1816.45764 1852.61698 1888.71665 1924.76379 1960.76438 1996.72330 2032.64441 2068.53052 2104.38354
  15.00000   67.83193  119.94818  171.50168  222.57604  273.20968  323.41220  373.17556  422.48163  471.30745  519.62873  567.42229  614.66759  661.34786  707.45060  752.96800  797.89692  842.23892  885.99993  929.19003  971.82303 1013.91603 1055.48901 1096.56431 1137.16617 1177.32031 1217.05340 1256.39274 1295.36580 1333.99993 1372.32201 1410.35821 1448.13377 1485.67282 1522.99821 1560.13143 1597.09253 1633.90006 1670.57108 1707.12116 1743.56436 1779.91333 1816.17928 1852.37213 1888.50047 1924.57168 1960.59196 1996.56638 2032.49896 2068.39266 2104.24944
  15.00000   67.58902  119.46542  170.78514  221.63466  272.05508  322.05844  371.63884  420.77998  469.46035  517.65675  565.34669  612.50997  659.12974  705.19311  750.69153  795.62086  839.98136  883.77751  927.01774  969.71410 1011.88189 1053.53922 1094.70657 1135.40642 1175.66274 1215.50060 1254.94579 1294.02445 1332.76271 1371.18642 1409.32087 1447.19056 1484.81902 1522.22867 1559.44068 1596.47490 1633.34978 1670.08237 1706.68828 1743.18170 1779.57542 1815.88086 1852.10812 1888.26600 1924.36209 1960.40277 1996.39330 2032.33783 2068.23943 2104.10014
  15.00000   67.35773  119.00567  170.10251  220.73738  270.95387  320.76626  370.17067  419.15250  467.69164  515.76593  563.35359  610.43477  656.99263  703.01400  748.48970  793.41473  837.78823  881.61339  924.89715  967.65000 1009.88555 1051.62020 1092.87276 1133.66399 1174.01627 1213.95312 1253.49892 1292.67849 1331.51678 1370.03860 1408.26836 1446.22980 1483.94584 1521.43841 1558.72831 1595.83514 1632.77721 1669.57148 1706.23357 1742.77772 1779.21683 1815.56246 1851.82487 1888.01303 1924.13469 1960.19640 1996.20357 2032.16046 2068.07024 2103.93503
