 307.92593
 307.86141
 307.78662
 307.72356
 307.67518
 307.63561
 307.60394
 307.57957
 307.56259
 307.55418
 307.55565
 307.56770
 307.58772
 307.60628
 307.60017
 307.52365
 307.29661
 306.68508
 305.47448
 303.42173
 300.16477
 295.11264
 287.01198
 276.09333
 260.30265
 240.51274
 215.18747
 186.81666
 155.65717
 125.04463
  97.87610
  73.61370
  54.91876
  41.22248
  31.63930
  25.21043
  21.06287
  18.48429
  16.93762
  16.04217
  15.54184
  15.27214
  15.13196
  15.06174
  15.02786
  15.01212
  15.00508
  15.00205
  15.00080
  15.00030
  15.00011
  15.00004
  15.00001
  15.00000
  15.00000
  15.00000
  15.00000
  15.00000
  15.00000
  15.00000
  15.00000
