   0.00000
  20.48331
  40.97971
  61.48595
  81.99877
 102.51488
 123.03098
 143.54376
 164.04990
 184.54610
 205.02907
 225.49552
 245.94221
 266.36592
 286.76346
 307.13171
 327.46759
 347.76807
 368.03019
 388.25107
 408.42791
 428.55798
 448.63865
 468.66739
 488.64175
 508.55940
 528.41813
 548.21585
 567.95056
 587.62041
 607.22368
 626.75878
 646.22425
 665.61879
 684.94121
 704.19049
 723.36577
 742.46631
 761.49154
 780.44104
 799.31454
 818.11194
 836.83329
 855.47877
 874.04875
 892.54374
 910.96440
 929.31155
 947.58615
 965.78931
 983.92230
1001.98651
1019.98348
1037.91489
1055.78255
1073.58839
1091.33447
1109.02296
1126.65616
1144.23646
1161.76637
1179.24847
1196.68546
1214.08011
1231.43526
1248.75383
1266.03880
1283.29320
1300.52014
1317.72272
1334.90411
1352.06749
1369.21608
1386.35308
1403.48170
1420.60516
1437.72665
1454.84935
1471.97638
1489.11087
1506.25585
1523.41434
1540.58928
1557.78352
1574.99987
1592.24103
1609.50961
1626.80812
1644.13897
1661.50446
1678.90675
1696.34789
1713.82979
1731.35424
1748.92286
1766.53713
1784.19839
1801.90781
1819.66638
1837.47497
1855.33424
