   0.00000
   0.00523
   0.01212
   0.01983
   0.02873
   0.03895
   0.05008
   0.06164
   0.07376
   0.08638
   0.09894
   0.11128
   0.12331
   0.13481
   0.14576
   0.15623
   0.16585
   0.17496
   0.18394
   0.19241
   0.20057
   0.20914
   0.21794
   0.22668
   0.23592
   0.24594
   0.25611
   0.26674
   0.27769
   0.28856
   0.29999
   0.31120
   0.32180
   0.33246
   0.34323
   0.35292
   0.36252
   0.37222
   0.38129
   0.39017
   0.39967
   0.40897
   0.41798
   0.42769
   0.43774
   0.44798
   0.45831
   0.46866
   0.47943
   0.49036
   0.50093
   0.51137
   0.52174
   0.53185
   0.54186
   0.55176
   0.56101
   0.57032
   0.58007
   0.58959
   0.59868
   0.60831
   0.61839
   0.62846
   0.63852
   0.64883
   0.65923
   0.66999
   0.68069
   0.69099
   0.70115
   0.71155
   0.72185
   0.73153
   0.74096
   0.75058
   0.76027
   0.76949
   0.77896
   0.78866
   0.79811
   0.80822
   0.81891
   0.82869
   0.83914
   0.85049
   0.86116
   0.87138
   0.88199
   0.89256
   0.90228
   0.91157
   0.92057
   0.92944
   0.93832
   0.94687
   0.95534
   0.96511
   0.97768
   0.99206
   1.00559
