1.500000000000000000e+01
5.208857956564393987e+01
8.902088764482748218e+01
1.257597210101235419e+02
1.622694556819250806e+02
1.985162977452919222e+02
2.344684875102478543e+02
2.700964621521435447e+02
3.053729800029087187e+02
3.402732097504768944e+02
3.747747878203387017e+02
4.088578469504001873e+02
4.425050188197440093e+02
4.757014134470634872e+02
5.084345779530215736e+02
5.406944371665643985e+02
5.724732184434429882e+02
6.037653629532169361e+02
6.345674255769569072e+02
6.648779654407534281e+02
6.946974289897040080e+02
7.240280273833800493e+02
7.528736098673848574e+02
7.812395346472121673e+02
8.091325386610840269e+02
8.365606075187778288e+02
8.635328467446854575e+02
8.900593553364608397e+02
9.161511025266427168e+02
9.418198085144298375e+02
9.670778298192260536e+02
9.919380497973215824e+02
1.016413774758794034e+03
1.040518636023858107e+03
1.064266498166871315e+03
1.087671373612280377e+03
1.110747343670117061e+03
1.133508486029315463e+03
1.155968808665073993e+03
1.178142190061621477e+03
1.200042325603885502e+03
1.221682679950460169e+03
1.243076445165602081e+03
1.264236504359462742e+03
1.285175400562924779e+03
1.305905310545936572e+03
1.326438023275660498e+03
1.346784922702611993e+03
1.366956974558932870e+03
1.386964716852438869e+03
1.406818253742831985e+03
1.426527252491937816e+03
1.446100943187728717e+03
1.465548120951758847e+03
1.484877150351197542e+03
1.504095971749501587e+03
1.523212109343692418e+03
1.542232680650831298e+03
1.561164407221471720e+03
1.580013626373262014e+03
1.598786303753421180e+03
1.617488046554197808e+03
1.636124117220603239e+03
1.654699447504497130e+03
1.673218652733427461e+03
1.691686046176345371e+03
1.710105653401450581e+03
1.728481226533801419e+03
1.746816258332025427e+03
1.765113996014392342e+03
1.783377454774647958e+03
1.801609430937414800e+03
1.819812514711567928e+03
1.837989102507855250e+03
1.856141408794149584e+03
1.874271477468107150e+03
1.892381192732708769e+03
1.910472289465164522e+03
1.928546363074048941e+03
1.946604878843297001e+03
1.964649180764904486e+03
1.982680499864902913e+03
2.000699962029497328e+03
2.018708595340246575e+03
2.036707336928906443e+03
2.054697039364147258e+03
2.072678476583850625e+03
2.090652349388346465e+03
2.108619290512594034e+03
2.126579869300624978e+03
2.144534596016392243e+03
2.162483925842839653e+03
2.180428262637518856e+03
2.198367962498313773e+03
2.216303337093206210e+03
2.234234656506207102e+03
2.252162151209600779e+03
2.270086012932417816e+03
2.288006393671991646e+03
2.305923398064805497e+03
2.323837052122039950e+03
