1.804728284317930047e+02
1.804612050166565496e+02
1.804498243665262862e+02
1.804403063519331738e+02
1.804324956055681071e+02
1.804259114287515899e+02
1.804202661076807601e+02
1.804153416595708563e+02
1.804109366736981599e+02
1.804070659827367820e+02
1.804034829595409235e+02
1.804002804156228592e+02
1.803973586199659849e+02
1.803946575127764902e+02
1.803921127785372676e+02
1.803897156477747785e+02
1.803874009264067126e+02
1.803851824894374545e+02
1.803830292476061175e+02
1.803809259282035953e+02
1.803788333197506404e+02
1.803767418896718482e+02
1.803745250037316907e+02
1.803723019241132306e+02
1.803698774207298925e+02
1.803672585284291188e+02
1.803644164033512141e+02
1.803613026491873086e+02
1.803577510604286545e+02
1.803536984464540467e+02
1.803491237609731286e+02
1.803438040572382022e+02
1.803375814525759324e+02
1.803303065967363352e+02
1.803218473307699412e+02
1.803119438384705404e+02
1.803002443526321201e+02
1.802865511190668713e+02
1.802704269663770731e+02
1.802515991363635521e+02
1.802294831550483423e+02
1.802035821373081603e+02
1.801732970827076201e+02
1.801378908880141978e+02
1.800966419965800753e+02
1.800486417690226233e+02
1.799928497534498888e+02
1.799282181504992764e+02
1.798535613868459109e+02
1.797673900359662866e+02
1.796681921189466493e+02
1.795542837558811584e+02
1.794237924596853304e+02
1.792745044574255076e+02
1.791041902046346763e+02
1.789103289396947503e+02
1.786901723729831417e+02
1.784406680637926570e+02
1.781584840044315854e+02
1.778401665269591376e+02
1.774638733567962277e+02
1.770270330013543401e+02
1.765376184042008560e+02
1.759904092003295375e+02
1.753799284885195675e+02
1.747002614572492973e+02
1.739452358500345213e+02
1.731082188561277917e+02
1.721821949998220305e+02
1.711599182434764828e+02
1.700337310133802191e+02
1.687956992696977636e+02
1.674374762147438673e+02
1.659505832987304643e+02
1.643261557660013068e+02
1.624779120037587745e+02
1.603913189063554796e+02
1.581256164810910718e+02
1.556706495976034432e+02
1.530162398752734703e+02
1.501524455191449761e+02
1.470693594094155117e+02
1.436864296300768160e+02
1.398357618557913327e+02
1.357174298902338592e+02
1.313230475005250923e+02
1.266451570631855503e+02
1.216773351362451905e+02
1.160369197279975140e+02
1.099988766934333313e+02
1.036368369376107381e+02
9.695147306228642492e+01
8.980557570433053627e+01
8.185722224044313577e+01
7.358363753121216178e+01
6.499868035254006315e+01
5.609811325080338662e+01
4.617082846023008358e+01
3.598967449211518499e+01
2.558731051610017460e+01
1.500000000000000000e+01
