1.500000000000000000e+01
5.767631276507752602e+01
9.722542040307280331e+01
1.340251315407019490e+02
1.684100078711467461e+02
2.006760126719348989e+02
2.310846850377579926e+02
2.598668917121769368e+02
2.872261989057182632e+02
3.133419012850941954e+02
3.383717409140367636e+02
3.624543453972160023e+02
3.857114116000523154e+02
4.082496588949052807e+02
4.301625737890691425e+02
4.515319659354721011e+02
4.724293538537885979e+02
4.929171971581434946e+02
5.130499906717554950e+02
5.328752344922104385e+02
5.524342928430910433e+02
5.717631534018588582e+02
5.908930977258075927e+02
6.098512924044416650e+02
6.286613096451935689e+02
6.473435851474575884e+02
6.659158203349702490e+02
6.843933352957785701e+02
7.027893781194727580e+02
7.211153957197793716e+02
7.393812706836764619e+02
7.575955281924437941e+02
7.757655166120007380e+02
7.938975649459900978e+02
8.119971199819553931e+02
8.300688656352397174e+02
8.481168267037583064e+02
8.661444589864672707e+02
8.841547274863423809e+02
9.021501742122607084e+02
9.201329769108629080e+02
9.381049998969549506e+02
9.560678380071246920e+02
9.740228545740856134e+02
9.919712142070075060e+02
1.009913911064161198e+03
1.027851793217093473e+03
1.045785583628984796e+03
1.063715898202578956e+03
1.081643261294102558e+03
1.099568119037901170e+03
1.117490850781298832e+03
1.135411778889637390e+03
1.153331177146930258e+03
1.171249277947430301e+03
1.189166278447153900e+03
1.207082345821556373e+03
1.224997621755646833e+03
1.242912226275569992e+03
1.260826261015675300e+03
1.278739812002082544e+03
1.296652952022478985e+03
1.314565742642137138e+03
1.332478235917684515e+03
1.350390475852882219e+03
1.368302499634369269e+03
1.386214338679905268e+03
1.404126019526966957e+03
1.422037564585543350e+03
1.439948992775504394e+03
1.457860320065964515e+03
1.475771559931516094e+03
1.493682723738023469e+03
1.511593821068817306e+03
1.529504860000516601e+03
1.547415847336342267e+03
1.565326788803602312e+03
1.583237689220978154e+03
1.601148552640341904e+03
1.619059382467004070e+03
1.636970181561553545e+03
1.654880952325804174e+03
1.672791696774840375e+03
1.690702416596801413e+03
1.708613113202010481e+03
1.726523787763424480e+03
1.744434441251331464e+03
1.762345074466789583e+03
1.780255688080323807e+03
1.798166282684067028e+03
1.816076858865347731e+03
1.833987417304913151e+03
1.851897958890306882e+03
1.869808484811104563e+03
1.887718996566282840e+03
1.905629495771373058e+03
1.923539983651692864e+03
1.941450460416155693e+03
1.959360926279318846e+03
1.977271387942336332e+03
1.995181846372112659e+03
